#  Atomic configuration in Ang.  
          73
  C    1     6.708     9.892     8.857
  C    2     7.386     8.733     8.681
  C    3     8.837     8.746     8.524
  C    4     9.559     9.961     8.522
  C    5     7.427    11.087     8.713
  C    6     8.841    11.136     8.690
  C    7     6.835    12.366     8.885
  C    8     9.564    12.400     8.797
  C    9     7.498    13.537     8.810
  C   10     8.891    13.626     8.763
  C   11     9.623     7.597     8.644
  C   12    10.914     7.537     8.763
  C   13    10.966     9.937     8.700
  C   14    11.686     8.742     8.887
  C   15    11.003    12.396     8.769
  C   16    11.701    11.192     8.824
  C   17    13.105     8.720     8.932
  C   18    13.740     9.888     8.921
  C   19    13.059    11.098     8.966
  C   20    10.212     8.748    12.125
  C   21     9.481    10.001    12.328
  C   22    10.252    11.202    12.609
  C   23    11.629     8.768    12.241
  C   24    12.337     9.970    12.416
  C   25    11.708    11.188    12.572
  C   26     8.062     9.961    12.246
  C   27     7.453    11.205    12.389
  C   28     8.100    12.404    12.439
  C   29     9.502    12.457    12.437
  C   30    13.685    12.310     8.837
  C   31    11.719    13.606     8.912
  C   32    13.070    13.523     8.848
  C   33    10.225    13.630    12.535
  C   34    12.395    12.421    12.557
  C   35    11.629    13.647    12.645
  C   36     8.089     7.502    12.141
  C   37     9.432     7.547    12.116
  C   38     7.347     8.708    12.185
  C   39    10.131     6.357    12.242
  C   40    11.606     6.395    12.289
  C   41    12.284     7.561    12.265
  C   42    13.718    10.065    12.494
  C   43    14.409    11.200    12.486
  C   44    13.745    12.426    12.330
  C   45    14.436    13.648    12.310
  C   46    12.350    14.809    12.573
  C   47    13.759    14.808    12.443
  H   48     6.854     7.747     8.653
  H   49     5.618     9.908     9.106
  H   50     6.228     8.696    12.172
  H   51     5.731    12.384     9.099
  H   52     6.330    11.214    12.470
  H   53     6.913    14.495     8.784
  H   54     9.605     5.371    12.309
  H   55     9.048     6.628     8.634
  H   56     7.542     6.525    12.127
  H   57     9.511    14.559     8.821
  H   58    11.105    14.545     8.946
  H   59     7.516    13.360    12.483
  H   60     9.679    14.611    12.527
  H   61    12.148     5.415    12.346
  H   62    11.461     6.559     8.774
  H   63    13.648     7.744     8.976
  H   64    13.404     7.651    12.342
  H   65    14.861     9.913     8.874
  H   66    14.202     9.044    12.490
  H   67    14.803    12.298     8.712
  H   68    13.685    14.459     8.804
  H   69    11.819    15.796    12.617
  H   70    14.304    15.788    12.453
  H   71    15.523    11.197    12.603
  H   72    15.549    13.646    12.183
  Li  73    10.352    10.783    10.601
