       108 2 0 0
  3.01197693E+01  0.00000000E+00  0.00000000E+00
  0.00000000E+00  3.01197693E+01  0.00000000E+00
  0.00000000E+00  0.00000000E+00  3.01197693E+01
    1    0.3320079E-02    0.3320079E-02    0.3320079E-02   -0.1146099E-03   -0.4262602E-04   -0.1940753E-04    0.1187581E+03    0.1000000E+00    0.1000000E+00    0.1000000E+00   -0.1146099E-03   -0.4262602E-04   -0.1940753E-04    0.1000000E+01    0.1000000E+01
    1    0.1699867E+00    0.1699867E+00    0.3320079E-02    0.1108516E-03   -0.1524627E-04   -0.7114037E-04    0.1362082E+03    0.5119962E+01    0.5119962E+01    0.1000000E+00    0.1108516E-03   -0.1524627E-04   -0.7114037E-04    0.2000000E+01    0.4000000E+01
    1    0.1699867E+00    0.3320079E-02    0.1699867E+00   -0.1044661E-03    0.5120201E-04   -0.5802112E-04    0.1309385E+03    0.5119962E+01    0.1000000E+00    0.5119962E+01   -0.1044661E-03    0.5120201E-04   -0.5802112E-04    0.3000000E+01    0.9000000E+01
    1    0.3320079E-02    0.1699867E+00    0.1699867E+00   -0.2079451E-04   -0.6040548E-04    0.1074718E-03    0.1211007E+03    0.1000000E+00    0.5119962E+01    0.5119962E+01   -0.2079451E-04   -0.6040548E-04    0.1074718E-03    0.4000000E+01    0.1600000E+02
    1    0.3320079E-02    0.3320079E-02    0.3366534E+00   -0.2074695E-04    0.3786133E-04    0.1102426E-03    0.1085961E+03    0.1000000E+00    0.1000000E+00    0.1013992E+02   -0.2074695E-04    0.3786133E-04    0.1102426E-03    0.5000000E+01    0.2500000E+02
    1    0.1699867E+00    0.1699867E+00    0.3366534E+00    0.3506918E-04   -0.7050834E-04   -0.1024261E-06    0.4804296E+02    0.5119962E+01    0.5119962E+01    0.1013992E+02    0.3506918E-04   -0.7050834E-04   -0.1024261E-06    0.6000000E+01    0.3600000E+02
    1    0.1699867E+00    0.3320079E-02    0.5033201E+00   -0.8533340E-04   -0.3898434E-05   -0.7533437E-04    0.1004994E+03    0.5119962E+01    0.1000000E+00    0.1515988E+02   -0.8533340E-04   -0.3898434E-05   -0.7533437E-04    0.7000000E+01    0.4900000E+02
    1    0.3320079E-02    0.1699867E+00    0.5033201E+00   -0.5252702E-05    0.6946057E-04   -0.7978888E-04    0.8691360E+02    0.1000000E+00    0.5119962E+01    0.1515988E+02   -0.5252702E-05    0.6946057E-04   -0.7978888E-04    0.8000000E+01    0.6400000E+02
    1    0.3320079E-02    0.3320079E-02    0.6699867E+00   -0.7714572E-04   -0.6308223E-04   -0.3581935E-05    0.7703610E+02    0.1000000E+00    0.1000000E+00    0.2017985E+02   -0.7714572E-04   -0.6308223E-04   -0.3581935E-05    0.9000000E+01    0.8100000E+02
    1    0.1699867E+00    0.1699867E+00    0.6699867E+00    0.1019081E-03   -0.3664808E-04   -0.5394742E-04    0.1134095E+03    0.5119962E+01    0.5119962E+01    0.2017985E+02    0.1019081E-03   -0.3664808E-04   -0.5394742E-04    0.1000000E+02    0.1000000E+03
    1    0.1699867E+00    0.3320079E-02    0.8366534E+00   -0.3835469E-04    0.1224324E-04    0.8577918E-04    0.6956300E+02    0.5119962E+01    0.1000000E+00    0.2519981E+02   -0.3835469E-04    0.1224324E-04    0.8577918E-04    0.1100000E+02    0.1210000E+03
    1    0.3320079E-02    0.1699867E+00    0.8366534E+00    0.1664421E-04   -0.4089287E-04   -0.1072759E-03    0.1042578E+03    0.1000000E+00    0.5119962E+01    0.2519981E+02    0.1664421E-04   -0.4089287E-04   -0.1072759E-03    0.1200000E+02    0.1440000E+03
    1    0.3320079E-02    0.3366534E+00    0.3320079E-02    0.4113557E-04   -0.2090996E-04    0.1028744E-03    0.9848709E+02    0.1000000E+00    0.1013992E+02    0.1000000E+00    0.4113557E-04   -0.2090996E-04    0.1028744E-03    0.1300000E+02    0.1690000E+03
    1    0.1699867E+00    0.5033201E+00    0.3320079E-02    0.7664612E-04    0.8086857E-04   -0.7700805E-05    0.9663664E+02    0.5119962E+01    0.1515988E+02    0.1000000E+00    0.7664612E-04    0.8086857E-04   -0.7700805E-05    0.1400000E+02    0.1960000E+03
    1    0.1699867E+00    0.3366534E+00    0.1699867E+00    0.6145686E-04    0.3298002E-04    0.1107717E-03    0.1327493E+03    0.5119962E+01    0.1013992E+02    0.5119962E+01    0.6145686E-04    0.3298002E-04    0.1107717E-03    0.1500000E+02    0.2250000E+03
    1    0.3320079E-02    0.5033201E+00    0.1699867E+00    0.4543320E-04   -0.1466867E-04    0.5343091E-04    0.3977604E+02    0.1000000E+00    0.1515988E+02    0.5119962E+01    0.4543320E-04   -0.1466867E-04    0.5343091E-04    0.1600000E+02    0.2560000E+03
    1    0.3320079E-02    0.3366534E+00    0.3366534E+00    0.5632763E-05    0.7403439E-05    0.8287193E-04    0.5387672E+02    0.1000000E+00    0.1013992E+02    0.1013992E+02    0.5632763E-05    0.7403439E-05    0.8287193E-04    0.1700000E+02    0.2890000E+03
    1    0.1699867E+00    0.5033201E+00    0.3366534E+00    0.4907960E-05   -0.2018270E-04   -0.6193006E-04    0.3305571E+02    0.5119962E+01    0.1515988E+02    0.1013992E+02    0.4907960E-05   -0.2018270E-04   -0.6193006E-04    0.1800000E+02    0.3240000E+03
    1    0.1699867E+00    0.3366534E+00    0.5033201E+00   -0.3903728E-04   -0.7038840E-05   -0.3215002E-04    0.2019771E+02    0.5119962E+01    0.1013992E+02    0.1515988E+02   -0.3903728E-04   -0.7038840E-05   -0.3215002E-04    0.1900000E+02    0.3610000E+03
    1    0.3320079E-02    0.5033201E+00    0.5033201E+00    0.4858348E-04    0.1081717E-03    0.5525019E-04    0.1325870E+03    0.1000000E+00    0.1515988E+02    0.1515988E+02    0.4858348E-04    0.1081717E-03    0.5525019E-04    0.2000000E+02    0.4000000E+03
    1    0.3320079E-02    0.3366534E+00    0.6699867E+00   -0.3694969E-04    0.1899142E-04   -0.9249266E-04    0.7964837E+02    0.1000000E+00    0.1013992E+02    0.2017985E+02   -0.3694969E-04    0.1899142E-04   -0.9249266E-04    0.2100000E+02    0.4410000E+03
    1    0.1699867E+00    0.5033201E+00    0.6699867E+00    0.4362639E-04    0.3825352E-05    0.1571380E-04    0.1677141E+02    0.5119962E+01    0.1515988E+02    0.2017985E+02    0.4362639E-04    0.3825352E-05    0.1571380E-04    0.2200000E+02    0.4840000E+03
    1    0.1699867E+00    0.3366534E+00    0.8366534E+00   -0.1815604E-04    0.1085445E-03    0.9602851E-05    0.9454568E+02    0.5119962E+01    0.1013992E+02    0.2519981E+02   -0.1815604E-04    0.1085445E-03    0.9602851E-05    0.2300000E+02    0.5290000E+03
    1    0.3320079E-02    0.5033201E+00    0.8366534E+00   -0.1153809E-03    0.8707893E-04   -0.1095255E-03    0.2548177E+03    0.1000000E+00    0.1515988E+02    0.2519981E+02   -0.1153809E-03    0.8707893E-04   -0.1095255E-03    0.2400000E+02    0.5760000E+03
    1    0.3320079E-02    0.6699867E+00    0.3320079E-02    0.9792107E-04    0.3522925E-04    0.4868310E-04    0.1022613E+03    0.1000000E+00    0.2017985E+02    0.1000000E+00    0.9792107E-04    0.3522925E-04    0.4868310E-04    0.2500000E+02    0.6250000E+03
    1    0.1699867E+00    0.8366534E+00    0.3320079E-02   -0.8738209E-04   -0.7730462E-04    0.7097017E-04    0.1444740E+03    0.5119962E+01    0.2519981E+02    0.1000000E+00   -0.8738209E-04   -0.7730462E-04    0.7097017E-04    0.2600000E+02    0.6760000E+03
    1    0.1699867E+00    0.6699867E+00    0.1699867E+00    0.4875690E-04   -0.1579795E-04    0.6205302E-05    0.2064889E+02    0.5119962E+01    0.2017985E+02    0.5119962E+01    0.4875690E-04   -0.1579795E-04    0.6205302E-05    0.2700000E+02    0.7290000E+03
    1    0.3320079E-02    0.8366534E+00    0.1699867E+00    0.4695105E-04    0.1887251E-04    0.1258465E-04    0.2106438E+02    0.1000000E+00    0.2519981E+02    0.5119962E+01    0.4695105E-04    0.1887251E-04    0.1258465E-04    0.2800000E+02    0.7840000E+03
    1    0.3320079E-02    0.6699867E+00    0.3366534E+00   -0.1940917E-04    0.8334449E-04    0.2455749E-06    0.5673379E+02    0.1000000E+00    0.2017985E+02    0.1013992E+02   -0.1940917E-04    0.8334449E-04    0.2455749E-06    0.2900000E+02    0.8410000E+03
    1    0.1699867E+00    0.8366534E+00    0.3366534E+00   -0.7984226E-04   -0.3949582E-04   -0.4413728E-06    0.6147374E+02    0.5119962E+01    0.2519981E+02    0.1013992E+02   -0.7984226E-04   -0.3949582E-04   -0.4413728E-06    0.3000000E+02    0.9000000E+03
    1    0.1699867E+00    0.6699867E+00    0.5033201E+00    0.6135061E-04   -0.1166009E-03   -0.8114884E-04    0.1855065E+03    0.5119962E+01    0.2017985E+02    0.1515988E+02    0.6135061E-04   -0.1166009E-03   -0.8114884E-04    0.3100000E+02    0.9610000E+03
    1    0.3320079E-02    0.8366534E+00    0.5033201E+00   -0.2810690E-04   -0.1538888E-04    0.1031342E-03    0.9035998E+02    0.1000000E+00    0.2519981E+02    0.1515988E+02   -0.2810690E-04   -0.1538888E-04    0.1031342E-03    0.3200000E+02    0.1024000E+04
    1    0.3320079E-02    0.6699867E+00    0.6699867E+00    0.1792944E-05   -0.1773365E-04   -0.3797859E-04    0.1363572E+02    0.1000000E+00    0.2017985E+02    0.2017985E+02    0.1792944E-05   -0.1773365E-04   -0.3797859E-04    0.3300000E+02    0.1089000E+04
    1    0.1699867E+00    0.8366534E+00    0.6699867E+00    0.2266187E-04   -0.1091292E-03   -0.2102845E-04    0.9966808E+02    0.5119962E+01    0.2519981E+02    0.2017985E+02    0.2266187E-04   -0.1091292E-03   -0.2102845E-04    0.3400000E+02    0.1156000E+04
    1    0.1699867E+00    0.6699867E+00    0.8366534E+00   -0.1868323E-04   -0.1036877E-03    0.4451513E-04    0.1013481E+03    0.5119962E+01    0.2017985E+02    0.2519981E+02   -0.1868323E-04   -0.1036877E-03    0.4451513E-04    0.3500000E+02    0.1225000E+04
    1    0.3320079E-02    0.8366534E+00    0.8366534E+00   -0.1822274E-04   -0.7744391E-04    0.6739333E-04    0.8422423E+02    0.1000000E+00    0.2519981E+02    0.2519981E+02   -0.1822274E-04   -0.7744391E-04    0.6739333E-04    0.3600000E+02    0.1296000E+04
    1    0.3366534E+00    0.3320079E-02    0.3320079E-02    0.2595381E-05   -0.8777502E-04    0.9704135E-04    0.1326967E+03    0.1013992E+02    0.1000000E+00    0.1000000E+00    0.2595381E-05   -0.8777502E-04    0.9704135E-04    0.3700000E+02    0.1369000E+04
    1    0.5033201E+00    0.1699867E+00    0.3320079E-02   -0.2497891E-04   -0.3354820E-04   -0.7712021E-04    0.5963030E+02    0.1515988E+02    0.5119962E+01    0.1000000E+00   -0.2497891E-04   -0.3354820E-04   -0.7712021E-04    0.3800000E+02    0.1444000E+04
    1    0.5033201E+00    0.3320079E-02    0.1699867E+00   -0.1019023E-03   -0.9889729E-04   -0.8107714E-04    0.2071481E+03    0.1515988E+02    0.1000000E+00    0.5119962E+01   -0.1019023E-03   -0.9889729E-04   -0.8107714E-04    0.3900000E+02    0.1521000E+04
    1    0.3366534E+00    0.1699867E+00    0.1699867E+00    0.8267027E-05    0.1056714E-03    0.1045357E-03    0.1716985E+03    0.1013992E+02    0.5119962E+01    0.5119962E+01    0.8267027E-05    0.1056714E-03    0.1045357E-03    0.4000000E+02    0.1600000E+04
    1    0.3366534E+00    0.3320079E-02    0.3366534E+00   -0.5093648E-04    0.7988444E-04    0.4709926E-04    0.8672583E+02    0.1013992E+02    0.1000000E+00    0.1013992E+02   -0.5093648E-04    0.7988444E-04    0.4709926E-04    0.4100000E+02    0.1681000E+04
    1    0.5033201E+00    0.1699867E+00    0.3366534E+00   -0.6126486E-04   -0.7822090E-04    0.9755552E-04    0.1502114E+03    0.1515988E+02    0.5119962E+01    0.1013992E+02   -0.6126486E-04   -0.7822090E-04    0.9755552E-04    0.4200000E+02    0.1764000E+04
    1    0.5033201E+00    0.3320079E-02    0.5033201E+00   -0.3149164E-04   -0.1051961E-03   -0.6414807E-04    0.1252958E+03    0.1515988E+02    0.1000000E+00    0.1515988E+02   -0.3149164E-04   -0.1051961E-03   -0.6414807E-04    0.4300000E+02    0.1849000E+04
    1    0.3366534E+00    0.1699867E+00    0.5033201E+00    0.8035512E-04    0.1086330E-04    0.3282064E-04    0.5928319E+02    0.1013992E+02    0.5119962E+01    0.1515988E+02    0.8035512E-04    0.1086330E-04    0.3282064E-04    0.4400000E+02    0.1936000E+04
    1    0.3366534E+00    0.3320079E-02    0.6699867E+00    0.3146886E-05    0.6573262E-04   -0.9458196E-04    0.1028559E+03    0.1013992E+02    0.1000000E+00    0.2017985E+02    0.3146886E-05    0.6573262E-04   -0.9458196E-04    0.4500000E+02    0.2025000E+04
    1    0.5033201E+00    0.1699867E+00    0.6699867E+00   -0.1097009E-04    0.4217366E-04   -0.1038421E-03    0.9825186E+02    0.1515988E+02    0.5119962E+01    0.2017985E+02   -0.1097009E-04    0.4217366E-04   -0.1038421E-03    0.4600000E+02    0.2116000E+04
    1    0.5033201E+00    0.3320079E-02    0.8366534E+00    0.2063711E-04   -0.1393904E-04   -0.7151695E-04    0.4442945E+02    0.1515988E+02    0.1000000E+00    0.2519981E+02    0.2063711E-04   -0.1393904E-04   -0.7151695E-04    0.4700000E+02    0.2209000E+04
    1    0.3366534E+00    0.1699867E+00    0.8366534E+00    0.1109051E-03   -0.5040833E-04    0.7456776E-04    0.1580541E+03    0.1013992E+02    0.5119962E+01    0.2519981E+02    0.1109051E-03   -0.5040833E-04    0.7456776E-04    0.4800000E+02    0.2304000E+04
    1    0.3366534E+00    0.3366534E+00    0.3320079E-02   -0.2372643E-04   -0.1914287E-04   -0.1155588E-03    0.1106558E+03    0.1013992E+02    0.1013992E+02    0.1000000E+00   -0.2372643E-04   -0.1914287E-04   -0.1155588E-03    0.4900000E+02    0.2401000E+04
    1    0.5033201E+00    0.5033201E+00    0.3320079E-02   -0.9700635E-04   -0.8788750E-04    0.7642038E-04    0.1779895E+03    0.1515988E+02    0.1515988E+02    0.1000000E+00   -0.9700635E-04   -0.8788750E-04    0.7642038E-04    0.5000000E+02    0.2500000E+04
    1    0.5033201E+00    0.3366534E+00    0.1699867E+00    0.2656915E-04    0.1148580E-03    0.5145584E-05    0.1078786E+03    0.1515988E+02    0.1013992E+02    0.5119962E+01    0.2656915E-04    0.1148580E-03    0.5145584E-05    0.5100000E+02    0.2601000E+04
    1    0.3366534E+00    0.5033201E+00    0.1699867E+00    0.8975689E-07    0.1061382E-03    0.4239718E-05    0.8741473E+02    0.1013992E+02    0.1515988E+02    0.5119962E+01    0.8975689E-07    0.1061382E-03    0.4239718E-05    0.5200000E+02    0.2704000E+04
    1    0.3366534E+00    0.3366534E+00    0.3366534E+00   -0.3206743E-04    0.3438632E-04   -0.9433804E-04    0.8607518E+02    0.1013992E+02    0.1013992E+02    0.1013992E+02   -0.3206743E-04    0.3438632E-04   -0.9433804E-04    0.5300000E+02    0.2809000E+04
    1    0.5033201E+00    0.5033201E+00    0.3366534E+00    0.1150153E-03    0.7870534E-04    0.9743103E-04    0.2240187E+03    0.1515988E+02    0.1515988E+02    0.1013992E+02    0.1150153E-03    0.7870534E-04    0.9743103E-04    0.5400000E+02    0.2916000E+04
    1    0.5033201E+00    0.3366534E+00    0.5033201E+00   -0.2017469E-04    0.7267108E-04   -0.1133673E-03    0.1436361E+03    0.1515988E+02    0.1013992E+02    0.1515988E+02   -0.2017469E-04    0.7267108E-04   -0.1133673E-03    0.5500000E+02    0.3025000E+04
    1    0.3366534E+00    0.5033201E+00    0.5033201E+00    0.3858903E-04   -0.4725931E-04   -0.5750951E-04    0.5446245E+02    0.1013992E+02    0.1515988E+02    0.1515988E+02    0.3858903E-04   -0.4725931E-04   -0.5750951E-04    0.5600000E+02    0.3136000E+04
    1    0.3366534E+00    0.3366534E+00    0.6699867E+00   -0.7042731E-04   -0.4060298E-04    0.9037292E-04    0.1144725E+03    0.1013992E+02    0.1013992E+02    0.2017985E+02   -0.7042731E-04   -0.4060298E-04    0.9037292E-04    0.5700000E+02    0.3249000E+04
    1    0.5033201E+00    0.5033201E+00    0.6699867E+00    0.9117746E-04    0.5662436E-04   -0.8110277E-04    0.1402045E+03    0.1515988E+02    0.1515988E+02    0.2017985E+02    0.9117746E-04    0.5662436E-04   -0.8110277E-04    0.5800000E+02    0.3364000E+04
    1    0.5033201E+00    0.3366534E+00    0.8366534E+00    0.4497971E-04    0.7674941E-04   -0.5310759E-04    0.8315955E+02    0.1515988E+02    0.1013992E+02    0.2519981E+02    0.4497971E-04    0.7674941E-04   -0.5310759E-04    0.5900000E+02    0.3481000E+04
    1    0.3366534E+00    0.5033201E+00    0.8366534E+00    0.5258102E-04   -0.2079997E-04    0.8161740E-04    0.7637869E+02    0.1013992E+02    0.1515988E+02    0.2519981E+02    0.5258102E-04   -0.2079997E-04    0.8161740E-04    0.6000000E+02    0.3600000E+04
    1    0.3366534E+00    0.6699867E+00    0.3320079E-02   -0.4375636E-04   -0.8451631E-04   -0.6132715E-04    0.9930935E+02    0.1013992E+02    0.2017985E+02    0.1000000E+00   -0.4375636E-04   -0.8451631E-04   -0.6132715E-04    0.6100000E+02    0.3721000E+04
    1    0.5033201E+00    0.8366534E+00    0.3320079E-02    0.4352369E-04   -0.8619378E-04    0.2723147E-04    0.7797796E+02    0.1515988E+02    0.2519981E+02    0.1000000E+00    0.4352369E-04   -0.8619378E-04    0.2723147E-04    0.6200000E+02    0.3844000E+04
    1    0.5033201E+00    0.6699867E+00    0.1699867E+00    0.2734263E-04    0.2561879E-04    0.3622489E-04    0.2104298E+02    0.1515988E+02    0.2017985E+02    0.5119962E+01    0.2734263E-04    0.2561879E-04    0.3622489E-04    0.6300000E+02    0.3969000E+04
    1    0.3366534E+00    0.8366534E+00    0.1699867E+00   -0.4650438E-04    0.8814927E-05   -0.3516536E-04    0.2693693E+02    0.1013992E+02    0.2519981E+02    0.5119962E+01   -0.4650438E-04    0.8814927E-05   -0.3516536E-04    0.6400000E+02    0.4096000E+04
    1    0.3366534E+00    0.6699867E+00    0.3366534E+00    0.9019186E-04    0.8668508E-04    0.4929896E-04    0.1400647E+03    0.1013992E+02    0.2017985E+02    0.1013992E+02    0.9019186E-04    0.8668508E-04    0.4929896E-04    0.6500000E+02    0.4225000E+04
    1    0.5033201E+00    0.8366534E+00    0.3366534E+00   -0.2096493E-04    0.1139301E-03    0.7001650E-04    0.1419445E+03    0.1515988E+02    0.2519981E+02    0.1013992E+02   -0.2096493E-04    0.1139301E-03    0.7001650E-04    0.6600000E+02    0.4356000E+04
    1    0.5033201E+00    0.6699867E+00    0.5033201E+00   -0.8563667E-04    0.4127175E-04   -0.6954844E-04    0.1074853E+03    0.1515988E+02    0.2017985E+02    0.1515988E+02   -0.8563667E-04    0.4127175E-04   -0.6954844E-04    0.6700000E+02    0.4489000E+04
    1    0.3366534E+00    0.8366534E+00    0.5033201E+00    0.5376957E-05   -0.8471781E-04    0.5796379E-04    0.8185614E+02    0.1013992E+02    0.2519981E+02    0.1515988E+02    0.5376957E-05   -0.8471781E-04    0.5796379E-04    0.6800000E+02    0.4624000E+04
    1    0.3366534E+00    0.6699867E+00    0.6699867E+00   -0.7766818E-05   -0.1130820E-03   -0.7400855E-04    0.1419695E+03    0.1013992E+02    0.2017985E+02    0.2017985E+02   -0.7766818E-05   -0.1130820E-03   -0.7400855E-04    0.6900000E+02    0.4761000E+04
    1    0.5033201E+00    0.8366534E+00    0.6699867E+00    0.7301350E-04    0.3213082E-04    0.9609950E-04    0.1208454E+03    0.1515988E+02    0.2519981E+02    0.2017985E+02    0.7301350E-04    0.3213082E-04    0.9609950E-04    0.7000000E+02    0.4900000E+04
    1    0.5033201E+00    0.6699867E+00    0.8366534E+00    0.3934535E-04    0.4256239E-04   -0.1150661E-03    0.1286032E+03    0.1515988E+02    0.2017985E+02    0.2519981E+02    0.3934535E-04    0.4256239E-04   -0.1150661E-03    0.7100000E+02    0.5041000E+04
    1    0.3366534E+00    0.8366534E+00    0.8366534E+00    0.2018895E-05    0.4007436E-04   -0.9287646E-04    0.7930146E+02    0.1013992E+02    0.2519981E+02    0.2519981E+02    0.2018895E-05    0.4007436E-04   -0.9287646E-04    0.7200000E+02    0.5184000E+04
    1    0.6699867E+00    0.3320079E-02    0.3320079E-02   -0.9609209E-04    0.8526054E-04   -0.5202514E-04    0.1488222E+03    0.2017985E+02    0.1000000E+00    0.1000000E+00   -0.9609209E-04    0.8526054E-04   -0.5202514E-04    0.7300000E+02    0.5329000E+04
    1    0.8366534E+00    0.1699867E+00    0.3320079E-02    0.1403022E-04   -0.3216217E-04    0.7817442E-04    0.5688419E+02    0.2519981E+02    0.5119962E+01    0.1000000E+00    0.1403022E-04   -0.3216217E-04    0.7817442E-04    0.7400000E+02    0.5476000E+04
    1    0.8366534E+00    0.3320079E-02    0.1699867E+00    0.5615564E-04   -0.1186455E-04   -0.3198804E-04    0.3344846E+02    0.2519981E+02    0.1000000E+00    0.5119962E+01    0.5615564E-04   -0.1186455E-04   -0.3198804E-04    0.7500000E+02    0.5625000E+04
    1    0.6699867E+00    0.1699867E+00    0.1699867E+00   -0.3369080E-04    0.9722569E-04    0.3473614E-04    0.9137508E+02    0.2017985E+02    0.5119962E+01    0.5119962E+01   -0.3369080E-04    0.9722569E-04    0.3473614E-04    0.7600000E+02    0.5776000E+04
    1    0.6699867E+00    0.3320079E-02    0.3366534E+00   -0.5830322E-04   -0.8736360E-04   -0.1838078E-06    0.8546541E+02    0.2017985E+02    0.1000000E+00    0.1013992E+02   -0.5830322E-04   -0.8736360E-04   -0.1838078E-06    0.7700000E+02    0.5929000E+04
    1    0.8366534E+00    0.1699867E+00    0.3366534E+00   -0.5070854E-04   -0.6259156E-04    0.6232031E-04    0.8036139E+02    0.2519981E+02    0.5119962E+01    0.1013992E+02   -0.5070854E-04   -0.6259156E-04    0.6232031E-04    0.7800000E+02    0.6084000E+04
    1    0.8366534E+00    0.3320079E-02    0.5033201E+00    0.5346358E-04    0.8725882E-04    0.1090292E-03    0.1732273E+03    0.2519981E+02    0.1000000E+00    0.1515988E+02    0.5346358E-04    0.8725882E-04    0.1090292E-03    0.7900000E+02    0.6241000E+04
    1    0.6699867E+00    0.1699867E+00    0.5033201E+00   -0.2503096E-04    0.2659833E-04   -0.9588472E-04    0.8156236E+02    0.2017985E+02    0.5119962E+01    0.1515988E+02   -0.2503096E-04    0.2659833E-04   -0.9588472E-04    0.8000000E+02    0.6400000E+04
    1    0.6699867E+00    0.3320079E-02    0.6699867E+00    0.6453003E-04    0.2836235E-04    0.1014918E-03    0.1182939E+03    0.2017985E+02    0.1000000E+00    0.2017985E+02    0.6453003E-04    0.2836235E-04    0.1014918E-03    0.8100000E+02    0.6561000E+04
    1    0.8366534E+00    0.1699867E+00    0.6699867E+00   -0.2197155E-04    0.2455296E-04   -0.1135030E-03    0.1082178E+03    0.2519981E+02    0.5119962E+01    0.2017985E+02   -0.2197155E-04    0.2455296E-04   -0.1135030E-03    0.8200000E+02    0.6724000E+04
    1    0.8366534E+00    0.3320079E-02    0.8366534E+00    0.9581969E-04    0.1120238E-04   -0.1116024E-03    0.1685958E+03    0.2519981E+02    0.1000000E+00    0.2519981E+02    0.9581969E-04    0.1120238E-04   -0.1116024E-03    0.8300000E+02    0.6889000E+04
    1    0.6699867E+00    0.1699867E+00    0.8366534E+00    0.1784590E-04    0.5475987E-04   -0.9707320E-04    0.9870261E+02    0.2017985E+02    0.5119962E+01    0.2519981E+02    0.1784590E-04    0.5475987E-04   -0.9707320E-04    0.8400000E+02    0.7056000E+04
    1    0.6699867E+00    0.3366534E+00    0.3320079E-02   -0.4291647E-04    0.7334051E-05    0.8534667E-04    0.7111725E+02    0.2017985E+02    0.1013992E+02    0.1000000E+00   -0.4291647E-04    0.7334051E-05    0.8534667E-04    0.8500000E+02    0.7225000E+04
    1    0.8366534E+00    0.5033201E+00    0.3320079E-02   -0.6762989E-05   -0.7061523E-04    0.7327295E-04    0.8058059E+02    0.2519981E+02    0.1515988E+02    0.1000000E+00   -0.6762989E-05   -0.7061523E-04    0.7327295E-04    0.8600000E+02    0.7396000E+04
    1    0.8366534E+00    0.3366534E+00    0.1699867E+00   -0.4834560E-04   -0.8364614E-04    0.7199813E-04    0.1124724E+03    0.2519981E+02    0.1013992E+02    0.5119962E+01   -0.4834560E-04   -0.8364614E-04    0.7199813E-04    0.8700000E+02    0.7569000E+04
    1    0.6699867E+00    0.5033201E+00    0.1699867E+00    0.2936002E-04    0.4048825E-04    0.8512848E-04    0.7552158E+02    0.2017985E+02    0.1515988E+02    0.5119962E+01    0.2936002E-04    0.4048825E-04    0.8512848E-04    0.8800000E+02    0.7744000E+04
    1    0.6699867E+00    0.3366534E+00    0.3366534E+00    0.6591058E-04    0.9154115E-04    0.9199484E-04    0.1641415E+03    0.2017985E+02    0.1013992E+02    0.1013992E+02    0.6591058E-04    0.9154115E-04    0.9199484E-04    0.8900000E+02    0.7921000E+04
    1    0.8366534E+00    0.5033201E+00    0.3366534E+00    0.3915216E-05   -0.1100833E-03    0.7196113E-04    0.1341210E+03    0.2519981E+02    0.1515988E+02    0.1013992E+02    0.3915216E-05   -0.1100833E-03    0.7196113E-04    0.9000000E+02    0.8100000E+04
    1    0.8366534E+00    0.3366534E+00    0.5033201E+00    0.1086937E-03   -0.5361722E-04   -0.9832630E-04    0.1887014E+03    0.2519981E+02    0.1013992E+02    0.1515988E+02    0.1086937E-03   -0.5361722E-04   -0.9832630E-04    0.9100000E+02    0.8281000E+04
    1    0.6699867E+00    0.5033201E+00    0.5033201E+00   -0.6755121E-04   -0.8495769E-04   -0.1786709E-06    0.9127051E+02    0.2017985E+02    0.1515988E+02    0.1515988E+02   -0.6755121E-04   -0.8495769E-04   -0.1786709E-06    0.9200000E+02    0.8464000E+04
    1    0.6699867E+00    0.3366534E+00    0.6699867E+00    0.3562673E-04   -0.4916371E-04   -0.4314387E-04    0.4297968E+02    0.2017985E+02    0.1013992E+02    0.2017985E+02    0.3562673E-04   -0.4916371E-04   -0.4314387E-04    0.9300000E+02    0.8649000E+04
    1    0.8366534E+00    0.5033201E+00    0.6699867E+00   -0.7471025E-04   -0.3369013E-04    0.1085051E-03    0.1432468E+03    0.2519981E+02    0.1515988E+02    0.2017985E+02   -0.7471025E-04   -0.3369013E-04    0.1085051E-03    0.9400000E+02    0.8836000E+04
    1    0.8366534E+00    0.3366534E+00    0.8366534E+00    0.4922807E-04   -0.4371429E-04   -0.7878240E-04    0.8166393E+02    0.2519981E+02    0.1013992E+02    0.2519981E+02    0.4922807E-04   -0.4371429E-04   -0.7878240E-04    0.9500000E+02    0.9025000E+04
    1    0.6699867E+00    0.5033201E+00    0.8366534E+00    0.9816727E-05   -0.2678748E-04   -0.4456980E-04    0.2169546E+02    0.2017985E+02    0.1515988E+02    0.2519981E+02    0.9816727E-05   -0.2678748E-04   -0.4456980E-04    0.9600000E+02    0.9216000E+04
    1    0.6699867E+00    0.6699867E+00    0.3320079E-02    0.3423577E-04   -0.5367131E-04   -0.7252290E-04    0.7214455E+02    0.2017985E+02    0.2017985E+02    0.1000000E+00    0.3423577E-04   -0.5367131E-04   -0.7252290E-04    0.9700000E+02    0.9409000E+04
    1    0.8366534E+00    0.8366534E+00    0.3320079E-02    0.3278727E-04   -0.9016103E-04   -0.3596674E-04    0.8132780E+02    0.2519981E+02    0.2519981E+02    0.1000000E+00    0.3278727E-04   -0.9016103E-04   -0.3596674E-04    0.9800000E+02    0.9604000E+04
    1    0.8366534E+00    0.6699867E+00    0.1699867E+00   -0.5576806E-04   -0.1857620E-04    0.5907321E-04    0.5380313E+02    0.2519981E+02    0.2017985E+02    0.5119962E+01   -0.5576806E-04   -0.1857620E-04    0.5907321E-04    0.9900000E+02    0.9801000E+04
    1    0.6699867E+00    0.8366534E+00    0.1699867E+00   -0.6046232E-04    0.8718622E-04    0.5748674E-04    0.1128144E+03    0.2017985E+02    0.2519981E+02    0.5119962E+01   -0.6046232E-04    0.8718622E-04    0.5748674E-04    0.1000000E+03    0.1000000E+05
    1    0.6699867E+00    0.6699867E+00    0.3366534E+00   -0.7862127E-04   -0.8683945E-04   -0.7281477E-04    0.1473868E+03    0.2017985E+02    0.2017985E+02    0.1013992E+02   -0.7862127E-04   -0.8683945E-04   -0.7281477E-04    0.1010000E+03    0.1020100E+05
    1    0.8366534E+00    0.8366534E+00    0.3366534E+00    0.3564562E-04    0.3454073E-04   -0.7027710E-04    0.5734942E+02    0.2519981E+02    0.2519981E+02    0.1013992E+02    0.3564562E-04    0.3454073E-04   -0.7027710E-04    0.1020000E+03    0.1040400E+05
    1    0.8366534E+00    0.6699867E+00    0.5033201E+00   -0.8705941E-04   -0.2994038E-04    0.2236821E-04    0.6954020E+02    0.2519981E+02    0.2017985E+02    0.1515988E+02   -0.8705941E-04   -0.2994038E-04    0.2236821E-04    0.1030000E+03    0.1060900E+05
    1    0.6699867E+00    0.8366534E+00    0.5033201E+00    0.9750889E-04   -0.1139991E-03   -0.6167704E-04    0.2038136E+03    0.2017985E+02    0.2519981E+02    0.1515988E+02    0.9750889E-04   -0.1139991E-03   -0.6167704E-04    0.1040000E+03    0.1081600E+05
    1    0.6699867E+00    0.6699867E+00    0.6699867E+00    0.6217505E-05    0.1830586E-04    0.7206576E-04    0.4313082E+02    0.2017985E+02    0.2017985E+02    0.2017985E+02    0.6217505E-05    0.1830586E-04    0.7206576E-04    0.1050000E+03    0.1102500E+05
    1    0.8366534E+00    0.8366534E+00    0.6699867E+00   -0.2586448E-05    0.4172406E-05    0.5290090E-05    0.4035062E+00    0.2519981E+02    0.2519981E+02    0.2017985E+02   -0.2586448E-05    0.4172406E-05    0.5290090E-05    0.1060000E+03    0.1123600E+05
    1    0.8366534E+00    0.6699867E+00    0.8366534E+00    0.9145249E-04    0.4326040E-05    0.1633562E-04    0.6700701E+02    0.2519981E+02    0.2017985E+02    0.2519981E+02    0.9145249E-04    0.4326040E-05    0.1633562E-04    0.1070000E+03    0.1144900E+05
    1    0.6699867E+00    0.8366534E+00    0.8366534E+00   -0.8522995E-04    0.9859281E-04    0.1058946E-03    0.2184600E+03    0.2017985E+02    0.2519981E+02    0.2519981E+02   -0.8522995E-04    0.9859281E-04    0.1058946E-03    0.1080000E+03    0.1166400E+05
