        9 2 0 0
  2.00798462E+01  0.00000000E+00  0.00000000E+00
  0.00000000E+00  2.00798462E+01  0.00000000E+00
  0.00000000E+00  0.00000000E+00  2.00798462E+01
    1    0.0E+00    0.0E+00    0.0E+00   -0.1193445E-03   -0.4438693E-04   -0.2020928E-04    0.1287728E+03    0.1000000E+00    0.1000000E+00    0.1000000E+00   -0.1193445E-03   -0.4438693E-04   -0.2020928E-04    0.1000000E+01    0.1000000E+01
    1    1.0E+00    0.0E+00    0.0E+00   -0.1193445E-03   -0.4438693E-04   -0.2020928E-04    0.1287728E+03    0.1000000E+00    0.1000000E+00    0.1000000E+00   -0.1193445E-03   -0.4438693E-04   -0.2020928E-04    0.1000000E+01    0.1000000E+01
    1    1.0E+00    1.0E+00    0.0E+00   -0.1193445E-03   -0.4438693E-04   -0.2020928E-04    0.1287728E+03    0.1000000E+00    0.1000000E+00    0.1000000E+00   -0.1193445E-03   -0.4438693E-04   -0.2020928E-04    0.1000000E+01    0.1000000E+01
    1    1.0E+00    0.0E+00    1.0E+00   -0.1193445E-03   -0.4438693E-04   -0.2020928E-04    0.1287728E+03    0.1000000E+00    0.1000000E+00    0.1000000E+00   -0.1193445E-03   -0.4438693E-04   -0.2020928E-04    0.1000000E+01    0.1000000E+01
    1    0.0E+00    1.0E+00    0.0E+00   -0.1193445E-03   -0.4438693E-04   -0.2020928E-04    0.1287728E+03    0.1000000E+00    0.1000000E+00    0.1000000E+00   -0.1193445E-03   -0.4438693E-04   -0.2020928E-04    0.1000000E+01    0.1000000E+01
    1    0.0E+00    1.0E+00    1.0E+00   -0.1193445E-03   -0.4438693E-04   -0.2020928E-04    0.1287728E+03    0.1000000E+00    0.1000000E+00    0.1000000E+00   -0.1193445E-03   -0.4438693E-04   -0.2020928E-04    0.1000000E+01    0.1000000E+01
    1    0.0E+00    0.0E+00    1.0E+00   -0.1193445E-03   -0.4438693E-04   -0.2020928E-04    0.1287728E+03    0.1000000E+00    0.1000000E+00    0.1000000E+00   -0.1193445E-03   -0.4438693E-04   -0.2020928E-04    0.1000000E+01    0.1000000E+01
    1    1.0E+00    1.0E+00    1.0E+00   -0.1193445E-03   -0.4438693E-04   -0.2020928E-04    0.1287728E+03    0.1000000E+00    0.1000000E+00    0.1000000E+00   -0.1193445E-03   -0.4438693E-04   -0.2020928E-04    0.1000000E+01    0.1000000E+01
    1    0.5E+00    0.5E+00    0.5E+00   -0.1193445E-03   -0.4438693E-04   -0.2020928E-04    0.1287728E+03    0.1000000E+00    0.1000000E+00    0.1000000E+00   -0.1193445E-03   -0.4438693E-04   -0.2020928E-04    0.1000000E+01    0.1000000E+01
