       108         5         2      2000
  3.01197693E+01  0.00000000E+00  0.00000000E+00
  0.00000000E+00  3.01197693E+01  0.00000000E+00
  0.00000000E+00  0.00000000E+00  3.01197693E+01
    2    0.8205463E+00    0.7697261E+00    0.2515221E+00    0.5492041E-03    0.7873756E-03    0.6155829E-03    0.1007552E+05    0.3018520E-06
    1    0.7105454E-01    0.3066157E+00    0.9882812E+00    0.4693256E-03    0.4673782E-03    0.5686744E-04    0.3423845E+04    0.6455023E-06
    2    0.7652826E+00    0.2350250E+00    0.9322211E-01    0.4812336E-03    0.1995041E-03    0.1090853E-02    0.1132144E+05   -0.1212031E-06
    1    0.2270841E+00    0.5502747E+00    0.9535586E+00    0.1914500E-03   -0.6703984E-03   -0.3648313E-03    0.4797017E+04    0.7823054E-06
    2    0.7517180E+00    0.4786831E+00    0.6985590E+00    0.1474999E-02   -0.8738701E-03   -0.1237696E-02    0.3463926E+05    0.3572326E-07
    1    0.8735811E-01    0.6027820E+00    0.8865248E+00   -0.6129906E-03   -0.1055065E-02   -0.2034869E-04    0.1153825E+05   -0.1093567E-05
    2    0.2012038E+00    0.8745927E+00    0.3506069E+00   -0.1619059E-02   -0.3248448E-03    0.1618695E-03    0.2132881E+05    0.2750421E-06
    1    0.9775339E+00    0.2770385E+00    0.8594621E+00    0.4724906E-03   -0.1296905E-02    0.2654761E-03    0.1530615E+05   -0.7017908E-06
    2    0.2911647E+00    0.9233720E+00    0.5955008E+00   -0.5813906E-03    0.8143143E-05   -0.9819113E-03    0.1008872E+05    0.4424698E-06
    1    0.2758324E+00    0.2136386E+00    0.4323472E+00    0.3284057E-03    0.2066459E-03   -0.2553670E-03    0.1671588E+04   -0.4178503E-07
    2    0.2383371E-01    0.2709484E+00    0.3519081E+00    0.1145193E-02    0.6382411E-03   -0.7458536E-04    0.1335923E+05    0.3758094E-06
    1    0.3764460E+00    0.6697359E-01    0.4510487E+00    0.1129477E-04    0.5705212E-06    0.5106464E-03    0.2021164E+04   -0.5186742E-07
    2    0.1346556E+00    0.1502709E+00    0.8255284E+00   -0.1937154E-03   -0.5942253E-03    0.1257436E-03    0.3148802E+04   -0.5041822E-06
    1    0.6263537E-01    0.8170463E+00    0.9122025E+00    0.2033083E-03   -0.1019085E-02    0.2397147E-03    0.8811195E+04   -0.2062942E-06
    2    0.2963117E+00    0.7005259E+00    0.9907074E+00    0.3665457E-03   -0.7205638E-03    0.6121257E-03    0.7966241E+04    0.2417398E-06
    1    0.3266339E+00    0.7200462E+00    0.3490186E+00   -0.3321997E-04   -0.8178840E-04    0.2199723E-03    0.4352467E+03   -0.5826983E-07
    2    0.9597951E-02    0.9665733E+00    0.7836717E+00   -0.4443635E-03    0.1477947E-02    0.7117326E-03    0.2237678E+05    0.2500956E-07
    1    0.5393850E+00    0.4538050E+00    0.2453949E+00    0.4357051E-05   -0.1828521E-02    0.9508330E-03    0.3290719E+05    0.1074140E-06
    2    0.1817361E+00    0.7495037E+00    0.8010073E+00    0.3043564E-03    0.1039333E-02    0.8907832E-03    0.1523375E+05    0.3237813E-06
    1    0.4643103E+00    0.3055661E+00    0.2660825E+00    0.6069703E-03    0.8311483E-03    0.4548916E-03    0.9809167E+04   -0.3037584E-06
    2    0.7060034E+00    0.7161831E+00    0.7670894E+00   -0.1349949E-02    0.2269297E-02   -0.1212407E-03    0.5412833E+05   -0.9710924E-07
    1    0.6326344E+00    0.9063642E+00    0.5073345E+00    0.4170484E-03   -0.9492503E-03    0.1084587E-07    0.8328345E+04   -0.2816616E-06
    2    0.1123502E+00    0.2754868E+00    0.5137620E+00    0.4692012E-03    0.2237992E-03   -0.1901163E-03    0.2373605E+04    0.1545692E-05
    1    0.8992472E+00    0.7902778E+00    0.8009722E+00   -0.1614911E-04    0.4853459E-03   -0.3108606E-04    0.1834456E+04   -0.2961903E-07
    2    0.6799868E+00    0.5877386E+00    0.5688114E+00    0.1615829E-03   -0.9259794E-04    0.7178234E-03    0.4260634E+04   -0.4411418E-07
    1    0.4524038E-01    0.6559337E+00    0.1426472E+00   -0.1541318E-02    0.3450669E-03    0.1340377E-03    0.1946652E+05   -0.6202207E-07
    2    0.2861967E+00    0.9288195E+00    0.9123063E+00    0.1642103E-03    0.1896780E-03    0.2828289E-03    0.1107354E+04    0.7479685E-08
    1    0.8139904E+00    0.9374950E+00    0.1106036E-01   -0.2319625E-02    0.3153042E-03    0.1400257E-02    0.5764579E+05    0.4450115E-06
    2    0.9097630E+00    0.5607217E+00    0.7537198E+00    0.8111901E-03    0.1196363E-02   -0.1408908E-03    0.1634025E+05    0.5393597E-07
    1    0.1639309E+00    0.8028659E+00    0.6159781E+00   -0.9662388E-03    0.2197778E-03    0.9200694E-03    0.1416545E+05   -0.2955610E-06
    2    0.5838031E+00    0.1073914E+00    0.1938528E+00   -0.2306471E-03    0.4399505E-03    0.6944876E-03    0.5648275E+04   -0.1146567E-07
    1    0.1753163E+00    0.5683362E-01    0.5573431E+00    0.1463014E-02   -0.6647444E-03    0.8397566E-03    0.2546901E+05   -0.2465430E-06
    2    0.5371167E+00    0.4926093E+00    0.7798528E+00    0.1495160E-02    0.8315060E-03   -0.1746854E-05    0.2267552E+05   -0.2374058E-06
    1    0.8781826E+00    0.8680774E-01    0.6532866E+00   -0.3500264E-03    0.6786629E-03   -0.2338954E-03    0.4941270E+04    0.2546788E-06
    2    0.7141665E+00    0.6608809E-01    0.5776665E+00    0.1130338E-02    0.4464401E-03   -0.5942901E-03    0.1417867E+05   -0.1368492E-07
    1    0.7119025E+00    0.9741225E-01    0.9655667E+00   -0.9379595E-03    0.1244765E-02    0.8383340E-03    0.2426451E+05    0.3295681E-06
    2    0.6594475E+00    0.8803839E+00    0.9627834E+00   -0.2321649E-03    0.3010501E-03    0.8626878E-03    0.6885468E+04   -0.1779223E-06
    1    0.6012768E+00    0.7340855E-01    0.8393460E+00   -0.3273482E-03   -0.8163270E-03    0.7574307E-03    0.1043748E+05    0.4790497E-06
    2    0.2509116E+00    0.2421205E+00    0.7393042E+00   -0.5564927E-04   -0.1089354E-02    0.1039555E-02    0.1758987E+05    0.3426911E-06
    1    0.6237335E+00    0.2882560E+00    0.7848431E-02   -0.7545472E-03    0.5005548E-03    0.6160836E-03    0.9292492E+04   -0.2736410E-06
    2    0.1712819E+00    0.1113546E+00    0.9888723E+00    0.1383390E-02    0.2467976E-03   -0.9931636E-04    0.1537475E+05   -0.8686409E-08
    1    0.3681606E+00    0.5562205E+00    0.2856138E+00    0.9488560E-03   -0.1684287E-02   -0.7212616E-03    0.3298293E+05   -0.1767358E-07
    2    0.6422919E+00    0.4653152E+00    0.9703625E+00    0.2174022E-02   -0.8046645E-03   -0.1038270E-02    0.4998424E+05   -0.2583935E-06
    1    0.8710036E+00    0.3159095E+00    0.2861686E+00   -0.1029170E-02    0.1457705E-02    0.8509332E-04    0.2472411E+05   -0.3954559E-06
    2    0.9298436E+00    0.2636719E+00    0.1328509E+00   -0.2081824E-04    0.1513655E-03   -0.5070247E-03    0.2172478E+04    0.2808803E-06
    1    0.4241976E+00    0.6116673E+00    0.6566214E+00   -0.6807784E-03    0.5423699E-04    0.1485150E-03    0.3784208E+04    0.9081477E-06
    2    0.4365628E+00    0.7948591E+00    0.6922233E+00    0.5353670E-03   -0.8178003E-03    0.7897500E-03    0.1223385E+05   -0.4124790E-07
    1    0.7249821E+00    0.8730910E+00    0.7006051E+00    0.7852364E-03    0.8486155E-03    0.4210385E-03    0.1172949E+05   -0.5592358E-07
    2    0.2292778E-01    0.4311362E+00    0.7529630E-01   -0.1923845E-03    0.5708893E-03    0.2646185E-03    0.3354170E+04   -0.3899762E-06
    1    0.9466355E+00    0.4062297E+00    0.6673100E+00   -0.9146942E-03   -0.6221585E-03   -0.5774536E-03    0.1206403E+05   -0.9021910E-06
    2    0.4067831E+00    0.8989824E+00    0.3453598E+00    0.8432898E-03    0.3982675E-03   -0.1074513E-02    0.1568304E+05   -0.8111922E-06
    1    0.3876686E+00    0.4431913E+00    0.4152009E+00   -0.9508995E-03   -0.1437813E-03   -0.1146589E-02    0.1735038E+05   -0.1350492E-05
    2    0.8009700E+00    0.9405370E+00    0.1972291E+00    0.2003993E-03    0.3593414E-04   -0.2110590E-03    0.6662413E+03    0.2264846E-06
    1    0.2743639E+00    0.2501585E+00    0.2736301E+00   -0.3987572E-03   -0.7113304E-03   -0.1356894E-02    0.1941586E+05    0.1949866E-07
    2    0.7650165E+00    0.2878753E+00    0.6025453E+00   -0.1284232E-02    0.7905307E-03   -0.2560992E-03    0.1812686E+05    0.7280050E-07
    1    0.4162877E+00    0.5355222E+00    0.7905544E-01   -0.9869076E-03    0.3075549E-03    0.7047040E-03    0.1212589E+05   -0.2429280E-06
    2    0.9949261E-01    0.2543733E+00    0.1776251E+00    0.1352833E-02    0.1141104E-02    0.1174094E-02    0.3494610E+05    0.4091978E-06
    1    0.1671883E+00    0.6207044E+00    0.2896042E+00   -0.9747909E-03    0.1420905E-02    0.3504753E-03    0.2395468E+05   -0.2376840E-07
    2    0.7594587E+00    0.5928073E+00    0.9263534E+00   -0.1025766E-02   -0.1017737E-02    0.4781839E-04    0.1619387E+05    0.1436198E-06
    1    0.8022735E+00    0.3424308E+00    0.8295476E+00    0.2876833E-03    0.2056337E-03   -0.3442646E-03    0.1886962E+04   -0.1146912E-06
    2    0.7860336E+00    0.4743447E+00    0.2886837E+00   -0.1144413E-02   -0.4846321E-03   -0.5353680E-03    0.1418653E+05    0.3104662E-06
    1    0.9638805E+00    0.6643808E+00    0.4388846E+00   -0.4491435E-05   -0.1600203E-03    0.5138348E-03    0.2244016E+04    0.8915069E-07
    2    0.2524652E+00    0.3757910E+00    0.5157679E+00   -0.3781711E-03   -0.7431188E-03    0.7171906E-03    0.9371094E+04    0.5108877E-06
    1    0.2195984E-01    0.4745387E-01    0.9603876E-01   -0.6246637E-03    0.2208433E-03   -0.2545970E-03    0.3903039E+04    0.1449429E-06
    2    0.2153155E+00    0.3887007E+00    0.3339414E+00    0.1361019E-03    0.3470949E-03    0.7751262E-03    0.5731571E+04   -0.5075519E-06
    1    0.6459219E+00    0.6855752E+00    0.4155686E+00   -0.1704324E-03    0.1088122E-02    0.9622049E-03    0.1657057E+05   -0.1933810E-07
    2    0.9687534E+00    0.3357919E+00    0.5209963E+00   -0.1789015E-03    0.5477020E-03    0.6482934E-03    0.5828012E+04   -0.2210950E-05
    1    0.3458841E+00    0.1553357E+00    0.3231877E-01    0.7162966E-04    0.2540795E-03    0.5583661E-04    0.5640387E+03    0.2659560E-06
    2    0.5569188E+00    0.9371572E+00    0.8688152E-01   -0.7800339E-03    0.1946065E-03    0.1029831E-02    0.1322362E+05   -0.1509997E-07
    1    0.8372859E+00    0.4845916E+00    0.4782367E-01    0.8511349E-03   -0.6885045E-03    0.1227332E-02    0.2095489E+05    0.1566878E-06
    2    0.5283576E+00    0.1951769E+00    0.7379549E+00    0.5758836E-03   -0.3531942E-03    0.3945475E-03    0.4741754E+04    0.1855695E-06
    1    0.1674086E+00    0.9488988E+00    0.1007422E+00   -0.1016102E-02    0.1191651E-02   -0.4293475E-03    0.2042824E+05    0.3404858E-06
    2    0.4670839E+00    0.2831611E+00    0.8630710E+00   -0.5442856E-03   -0.1145016E-02    0.9676268E-05    0.1245296E+05   -0.1132183E-06
    1    0.6638160E+00    0.8294229E+00    0.1878485E+00    0.7695699E-03   -0.1180719E-02   -0.1145547E-02    0.2555521E+05    0.7401681E-06
    2    0.2988436E+00    0.1194152E+00    0.1965825E+00    0.1076861E-02    0.9718193E-03    0.7754811E-03    0.2095969E+05   -0.1913111E-07
    1    0.8238088E+00    0.7864814E+00    0.4312170E-01    0.1241671E-02   -0.8318835E-03    0.5529344E-03    0.1967426E+05    0.1951654E-06
    2    0.7653100E+00    0.1452002E+00    0.2911575E+00   -0.7564208E-03   -0.5377061E-03   -0.2159460E-02    0.4280027E+05   -0.9022300E-07
    1    0.9415212E+00    0.8724123E-01    0.2325922E+00   -0.8505666E-03    0.6338704E-03    0.6979083E-04    0.8755378E+04   -0.4617095E-06
    2    0.1444584E+00    0.3650421E+00    0.6690006E+00   -0.2297896E-04   -0.1448271E-02   -0.2089942E-04    0.1625726E+05   -0.2198786E-06
    1    0.9145981E-01    0.4503911E+00    0.4720496E+00   -0.3859807E-04    0.4197071E-03    0.1136980E-02    0.1139132E+05    0.6500966E-06
    2    0.6602119E+00    0.5874124E+00    0.9406353E-01   -0.1400356E-02    0.5966180E-03    0.6039756E-03    0.2077610E+05   -0.7747904E-07
    1    0.5586968E+00    0.8419801E+00    0.3054953E+00    0.1246994E-02    0.1115946E-02   -0.7884637E-04    0.2174303E+05   -0.3624029E-06
    2    0.4020753E+00    0.7574187E+00    0.1794780E+00   -0.2359929E-03   -0.3968584E-03   -0.1756552E-02    0.2555560E+05   -0.2872064E-06
    1    0.5983379E+00    0.3756602E+00    0.6738331E+00    0.1245704E-02   -0.2186519E-03   -0.2558472E-03    0.1289954E+05    0.1333493E-06
    2    0.3430427E+00    0.1586793E+00    0.8766533E+00   -0.3343127E-03   -0.2960237E-03    0.9203267E-03    0.8106703E+04   -0.1885202E-06
    1    0.3341468E+00    0.1081482E+00    0.6600455E+00    0.3927941E-03   -0.1034190E-03   -0.1205547E-02    0.1253758E+05    0.2390767E-06
    2    0.4821919E+00    0.3793389E+00    0.8443121E-01    0.1184077E-02   -0.1122125E-02    0.2274027E-03    0.2101766E+05    0.5493631E-07
    1    0.9923155E+00    0.5243422E+00    0.5805017E+00    0.9097277E-03   -0.8070603E-03   -0.3422921E-03    0.1236551E+05    0.1978697E-06
    2    0.8007334E+00    0.9899763E+00    0.8348931E+00    0.8216129E-04    0.5224631E-04   -0.3899386E-03    0.1251432E+04    0.8175633E-07
    1    0.1467439E+00    0.5357073E+00    0.7244941E+00    0.1816562E-02   -0.7621803E-03   -0.5095254E-03    0.3207701E+05    0.9248368E-07
    2    0.3170256E+00    0.5482040E+00    0.5549762E+00    0.7465483E-03    0.7179788E-03    0.2594061E-03    0.8832800E+04   -0.1108084E-05
    1    0.9156845E+00    0.8345480E+00    0.4552608E+00    0.8648167E-03   -0.5803045E-03    0.1280990E-02    0.2111589E+05    0.5758257E-07
    2    0.4840296E+00    0.8017606E+00    0.4766035E+00    0.4062483E-03    0.1382876E-02   -0.1406498E-02    0.3141993E+05   -0.1125502E-06
    1    0.8618343E+00    0.1034122E-01    0.4888528E+00    0.1244611E-02    0.8548187E-03    0.4960585E-04    0.1768105E+05    0.1488828E-06
    2    0.4014536E+00    0.5309831E-02    0.1171315E+00    0.2008698E-03    0.8522834E-03   -0.7303555E-03    0.1007264E+05   -0.1011397E-06
    1    0.4895105E+00    0.7032013E+00    0.8433223E+00    0.8518498E-03    0.4606677E-03    0.1290709E-02    0.2017225E+05    0.5993763E-07
    2    0.5445472E+00    0.1365033E+00    0.4463748E+00    0.5730821E-03   -0.7480622E-03    0.1837324E-03    0.7141251E+04    0.2305901E-06
    1    0.9971781E-01    0.1192965E-01    0.3664357E+00   -0.3205602E-03    0.3553611E-03    0.7019249E-03    0.5591498E+04   -0.3499694E-06
    2    0.5457910E+00    0.2361381E-01    0.6060909E+00    0.6257526E-05   -0.1704505E-03    0.9967514E-03    0.7922393E+04   -0.5219093E-06
    1    0.5427344E+00    0.3946140E+00    0.4974316E+00   -0.3168139E-03    0.3252427E-03   -0.1469021E-02    0.1831589E+05    0.4040388E-06
    2    0.1150728E+00    0.4169462E+00    0.8870566E+00   -0.4698359E-03    0.9584081E-03    0.7730322E-03    0.1345599E+05    0.5729299E-06
    1    0.4693987E+00    0.9961787E+00    0.7751576E+00    0.8291662E-03    0.9665011E-03   -0.4601168E-03    0.1420342E+05   -0.8021285E-06
    2    0.7495873E+00    0.3067606E+00    0.4291472E+00   -0.7050623E-03    0.1139050E-03   -0.1875043E-03    0.4224154E+04   -0.1461938E-06
    1    0.4842616E+00    0.5509138E+00    0.4701046E+00    0.6166548E-03    0.2799082E-03    0.1571548E-03    0.3744322E+04    0.1397401E-05
    2    0.6901466E+00    0.4237307E+00    0.1605180E+00   -0.3587313E-03   -0.1997101E-03    0.7189986E-04    0.1346023E+04   -0.8614831E-07
    1    0.2635759E+00    0.3876812E+00    0.1116660E+00    0.1446957E-02    0.1665670E-03   -0.1241524E-02    0.2837675E+05   -0.1458571E-07
    2    0.4914540E+00    0.7554764E+00    0.3447344E-01    0.6567659E-03    0.1187060E-02   -0.1192995E-02    0.2528466E+05    0.3463798E-06
    1    0.7521212E+00    0.7962341E+00    0.5466267E+00   -0.3887294E-03    0.2995738E-03    0.8652621E-04    0.1923969E+04    0.5993285E-06
        10        10        10
  0.00000000E+00  0.00000000E+00  0.00000000E+00
  7.52994233E+00  0.00000000E+00  0.00000000E+00
  0.00000000E+00  7.52994233E+00  0.00000000E+00
  0.00000000E+00  0.00000000E+00  7.52994233E+00
  3.00000012E-02
  6.00000024E-02
  1.10000007E-01
  1.80000007E-01
  2.70000011E-01
  3.80000025E-01
  5.09999990E-01
  6.60000026E-01
  8.29999924E-01
  1.01999998E+00
  6.00000061E-02
  9.00000036E-02
  1.40000015E-01
  2.10000008E-01
  3.00000012E-01
  4.10000026E-01
  5.39999962E-01
  6.90000057E-01
  8.59999955E-01
  1.04999995E+00
  1.09999999E-01
  1.40000001E-01
  1.89999998E-01
  2.60000020E-01
  3.49999994E-01
  4.60000008E-01
  5.89999974E-01
  7.40000069E-01
  9.09999967E-01
  1.10000002E+00
  1.80000022E-01
  2.10000023E-01
  2.60000020E-01
  3.30000043E-01
  4.20000017E-01
  5.30000031E-01
  6.59999967E-01
  8.10000062E-01
  9.79999959E-01
  1.17000008E+00
  2.69999981E-01
  2.99999982E-01
  3.49999994E-01
  4.20000017E-01
  5.09999990E-01
  6.20000005E-01
  7.50000000E-01
  9.00000036E-01
  1.06999993E+00
  1.25999999E+00
  3.79999995E-01
  4.09999996E-01
  4.60000008E-01
  5.30000031E-01
  6.20000005E-01
  7.30000019E-01
  8.60000014E-01
  1.00999999E+00
  1.17999995E+00
  1.37000000E+00
  5.09999990E-01
  5.39999962E-01
  5.89999974E-01
  6.59999967E-01
  7.50000000E-01
  8.60000014E-01
  9.89999950E-01
  1.13999999E+00
  1.30999994E+00
  1.50000000E+00
  6.60000026E-01
  6.90000057E-01
  7.40000010E-01
  8.10000062E-01
  9.00000036E-01
  1.00999999E+00
  1.13999999E+00
  1.29000008E+00
  1.46000004E+00
  1.65000010E+00
  8.29999924E-01
  8.59999955E-01
  9.09999967E-01
  9.79999959E-01
  1.06999993E+00
  1.17999995E+00
  1.30999994E+00
  1.46000004E+00
  1.62999988E+00
  1.81999993E+00
  1.01999998E+00
  1.04999995E+00
  1.10000002E+00
  1.16999996E+00
  1.25999999E+00
  1.37000000E+00
  1.50000000E+00
  1.65000010E+00
  1.81999993E+00
  2.00999999E+00
  6.00000061E-02
  9.00000036E-02
  1.40000015E-01
  2.10000008E-01
  3.00000012E-01
  4.10000026E-01
  5.39999962E-01
  6.90000057E-01
  8.59999955E-01
  1.04999995E+00
  9.00000036E-02
  1.20000005E-01
  1.70000017E-01
  2.40000010E-01
  3.30000013E-01
  4.40000027E-01
  5.69999993E-01
  7.20000029E-01
  8.89999926E-01
  1.08000004E+00
  1.40000015E-01
  1.70000017E-01
  2.20000014E-01
  2.90000021E-01
  3.79999995E-01
  4.90000010E-01
  6.20000005E-01
  7.70000041E-01
  9.39999938E-01
  1.13000000E+00
  2.10000023E-01
  2.40000024E-01
  2.90000021E-01
  3.60000014E-01
  4.50000018E-01
  5.60000062E-01
  6.89999998E-01
  8.40000033E-01
  1.00999999E+00
  1.20000005E+00
  2.99999982E-01
  3.29999983E-01
  3.79999995E-01
  4.49999988E-01
  5.39999962E-01
  6.49999976E-01
  7.79999971E-01
  9.30000067E-01
  1.09999990E+00
  1.28999996E+00
  4.09999996E-01
  4.39999998E-01
  4.90000010E-01
  5.60000002E-01
  6.49999976E-01
  7.59999990E-01
  8.89999986E-01
  1.04000008E+00
  1.20999992E+00
  1.39999998E+00
  5.39999962E-01
  5.69999993E-01
  6.20000005E-01
  6.89999998E-01
  7.79999971E-01
  8.89999986E-01
  1.01999998E+00
  1.17000008E+00
  1.33999991E+00
  1.52999997E+00
  6.90000057E-01
  7.20000088E-01
  7.70000100E-01
  8.40000093E-01
  9.30000067E-01
  1.04000008E+00
  1.17000008E+00
  1.32000017E+00
  1.49000001E+00
  1.68000007E+00
  8.59999955E-01
  8.89999986E-01
  9.39999938E-01
  1.00999999E+00
  1.09999990E+00
  1.21000004E+00
  1.33999991E+00
  1.49000001E+00
  1.65999985E+00
  1.84999990E+00
  1.04999995E+00
  1.07999992E+00
  1.13000000E+00
  1.19999993E+00
  1.28999996E+00
  1.39999998E+00
  1.52999997E+00
  1.68000007E+00
  1.84999990E+00
  2.03999996E+00
  1.09999999E-01
  1.40000001E-01
  1.89999998E-01
  2.60000020E-01
  3.49999994E-01
  4.60000008E-01
  5.89999974E-01
  7.40000069E-01
  9.09999967E-01
  1.10000002E+00
  1.40000015E-01
  1.70000017E-01
  2.20000014E-01
  2.90000021E-01
  3.79999995E-01
  4.90000010E-01
  6.20000005E-01
  7.70000041E-01
  9.39999938E-01
  1.13000000E+00
  1.90000013E-01
  2.20000014E-01
  2.70000011E-01
  3.40000033E-01
  4.30000007E-01
  5.40000021E-01
  6.69999957E-01
  8.20000052E-01
  9.89999950E-01
  1.18000007E+00
  2.59999990E-01
  2.89999992E-01
  3.40000004E-01
  4.10000026E-01
  5.00000000E-01
  6.10000014E-01
  7.40000010E-01
  8.90000045E-01
  1.05999994E+00
  1.25000000E+00
  3.49999994E-01
  3.79999995E-01
  4.30000007E-01
  5.00000000E-01
  5.90000033E-01
  7.00000048E-01
  8.29999983E-01
  9.80000019E-01
  1.14999998E+00
  1.34000003E+00
  4.60000008E-01
  4.90000010E-01
  5.40000021E-01
  6.10000014E-01
  7.00000048E-01
  8.10000062E-01
  9.39999998E-01
  1.09000003E+00
  1.25999999E+00
  1.45000005E+00
  5.89999974E-01
  6.20000005E-01
  6.69999957E-01
  7.40000010E-01
  8.29999983E-01
  9.39999998E-01
  1.06999993E+00
  1.22000003E+00
  1.38999987E+00
  1.57999992E+00
  7.40000010E-01
  7.70000041E-01
  8.20000052E-01
  8.90000045E-01
  9.80000019E-01
  1.09000003E+00
  1.22000003E+00
  1.37000012E+00
  1.53999996E+00
  1.73000002E+00
  9.09999967E-01
  9.39999998E-01
  9.90000010E-01
  1.05999994E+00
  1.14999998E+00
  1.25999999E+00
  1.38999999E+00
  1.53999996E+00
  1.70999992E+00
  1.89999998E+00
  1.10000002E+00
  1.13000000E+00
  1.18000007E+00
  1.25000000E+00
  1.34000003E+00
  1.45000005E+00
  1.58000004E+00
  1.73000002E+00
  1.89999998E+00
  2.09000015E+00
  1.80000022E-01
  2.10000023E-01
  2.60000020E-01
  3.30000043E-01
  4.20000017E-01
  5.30000031E-01
  6.59999967E-01
  8.10000062E-01
  9.79999959E-01
  1.17000008E+00
  2.10000023E-01
  2.40000024E-01
  2.90000021E-01
  3.60000014E-01
  4.50000018E-01
  5.60000062E-01
  6.89999998E-01
  8.40000033E-01
  1.00999999E+00
  1.20000005E+00
  2.59999990E-01
  2.89999992E-01
  3.40000004E-01
  4.10000026E-01
  5.00000000E-01
  6.10000014E-01
  7.40000010E-01
  8.90000045E-01
  1.05999994E+00
  1.25000000E+00
  3.30000013E-01
  3.60000014E-01
  4.10000026E-01
  4.80000019E-01
  5.70000052E-01
  6.80000067E-01
  8.10000002E-01
  9.60000038E-01
  1.13000000E+00
  1.32000005E+00
  4.20000017E-01
  4.50000018E-01
  5.00000000E-01
  5.70000052E-01
  6.60000026E-01
  7.70000041E-01
  8.99999976E-01
  1.05000007E+00
  1.22000003E+00
  1.41000009E+00
  5.30000031E-01
  5.60000062E-01
  6.10000014E-01
  6.80000067E-01
  7.70000041E-01
  8.80000055E-01
  1.00999999E+00
  1.16000009E+00
  1.32999992E+00
  1.51999998E+00
  6.59999967E-01
  6.89999998E-01
  7.40000010E-01
  8.10000002E-01
  8.99999976E-01
  1.00999999E+00
  1.13999999E+00
  1.28999996E+00
  1.45999992E+00
  1.64999998E+00
  8.10000062E-01
  8.40000093E-01
  8.90000105E-01
  9.60000098E-01
  1.05000007E+00
  1.16000009E+00
  1.29000008E+00
  1.44000006E+00
  1.61000001E+00
  1.80000007E+00
  9.79999959E-01
  1.00999999E+00
  1.05999994E+00
  1.13000000E+00
  1.22000003E+00
  1.32999992E+00
  1.45999992E+00
  1.61000001E+00
  1.77999997E+00
  1.97000003E+00
  1.16999996E+00
  1.19999993E+00
  1.25000000E+00
  1.31999993E+00
  1.40999997E+00
  1.51999998E+00
  1.64999998E+00
  1.79999995E+00
  1.96999991E+00
  2.15999985E+00
  2.69999981E-01
  2.99999982E-01
  3.49999994E-01
  4.20000017E-01
  5.09999990E-01
  6.20000005E-01
  7.50000000E-01
  9.00000036E-01
  1.06999993E+00
  1.25999999E+00
  2.99999982E-01
  3.29999983E-01
  3.79999995E-01
  4.49999988E-01
  5.39999962E-01
  6.49999976E-01
  7.79999971E-01
  9.30000067E-01
  1.09999990E+00
  1.28999996E+00
  3.49999994E-01
  3.79999995E-01
  4.30000007E-01
  5.00000000E-01
  5.90000033E-01
  7.00000048E-01
  8.29999983E-01
  9.80000019E-01
  1.14999998E+00
  1.34000003E+00
  4.20000017E-01
  4.50000018E-01
  5.00000000E-01
  5.70000052E-01
  6.60000026E-01
  7.70000041E-01
  8.99999976E-01
  1.05000007E+00
  1.22000003E+00
  1.41000009E+00
  5.09999990E-01
  5.40000021E-01
  5.90000033E-01
  6.60000026E-01
  7.50000000E-01
  8.60000014E-01
  9.90000010E-01
  1.14000010E+00
  1.30999994E+00
  1.50000000E+00
  6.20000005E-01
  6.50000036E-01
  7.00000048E-01
  7.70000041E-01
  8.60000014E-01
  9.70000029E-01
  1.10000002E+00
  1.25000000E+00
  1.41999996E+00
  1.61000001E+00
  7.50000000E-01
  7.80000031E-01
  8.30000043E-01
  9.00000036E-01
  9.90000010E-01
  1.10000002E+00
  1.23000002E+00
  1.38000011E+00
  1.54999995E+00
  1.74000001E+00
  9.00000036E-01
  9.30000067E-01
  9.80000019E-01
  1.05000007E+00
  1.14000010E+00
  1.25000000E+00
  1.38000000E+00
  1.53000009E+00
  1.70000005E+00
  1.89000010E+00
  1.06999993E+00
  1.09999990E+00
  1.14999998E+00
  1.21999991E+00
  1.30999994E+00
  1.41999996E+00
  1.54999995E+00
  1.70000005E+00
  1.86999989E+00
  2.05999994E+00
  1.25999999E+00
  1.28999996E+00
  1.34000003E+00
  1.40999997E+00
  1.50000000E+00
  1.61000001E+00
  1.74000001E+00
  1.89000010E+00
  2.05999994E+00
  2.25000000E+00
  3.79999995E-01
  4.09999996E-01
  4.60000008E-01
  5.30000031E-01
  6.20000005E-01
  7.30000019E-01
  8.60000014E-01
  1.00999999E+00
  1.17999995E+00
  1.37000000E+00
  4.09999996E-01
  4.39999998E-01
  4.90000010E-01
  5.60000002E-01
  6.49999976E-01
  7.59999990E-01
  8.89999986E-01
  1.04000008E+00
  1.20999992E+00
  1.39999998E+00
  4.60000008E-01
  4.90000010E-01
  5.40000021E-01
  6.10000014E-01
  7.00000048E-01
  8.10000062E-01
  9.39999998E-01
  1.09000003E+00
  1.25999999E+00
  1.45000005E+00
  5.30000031E-01
  5.60000062E-01
  6.10000014E-01
  6.80000067E-01
  7.70000041E-01
  8.80000055E-01
  1.00999999E+00
  1.16000009E+00
  1.32999992E+00
  1.51999998E+00
  6.20000005E-01
  6.50000036E-01
  7.00000048E-01
  7.70000041E-01
  8.60000014E-01
  9.70000029E-01
  1.10000002E+00
  1.25000000E+00
  1.41999996E+00
  1.61000001E+00
  7.30000019E-01
  7.60000050E-01
  8.10000062E-01
  8.80000055E-01
  9.70000029E-01
  1.08000004E+00
  1.21000004E+00
  1.36000013E+00
  1.52999997E+00
  1.72000003E+00
  8.60000014E-01
  8.90000045E-01
  9.40000057E-01
  1.00999999E+00
  1.10000002E+00
  1.21000004E+00
  1.34000003E+00
  1.49000001E+00
  1.65999997E+00
  1.85000002E+00
  1.00999999E+00
  1.03999996E+00
  1.09000003E+00
  1.15999997E+00
  1.25000000E+00
  1.36000001E+00
  1.49000001E+00
  1.64000010E+00
  1.80999994E+00
  2.00000000E+00
  1.17999995E+00
  1.20999992E+00
  1.25999999E+00
  1.32999992E+00
  1.41999996E+00
  1.52999997E+00
  1.65999997E+00
  1.80999994E+00
  1.97999990E+00
  2.17000008E+00
  1.37000000E+00
  1.39999998E+00
  1.45000005E+00
  1.51999998E+00
  1.61000001E+00
  1.72000003E+00
  1.85000002E+00
  2.00000000E+00
  2.17000008E+00
  2.36000013E+00
  5.09999990E-01
  5.39999962E-01
  5.89999974E-01
  6.59999967E-01
  7.50000000E-01
  8.60000014E-01
  9.89999950E-01
  1.13999999E+00
  1.30999994E+00
  1.50000000E+00
  5.39999962E-01
  5.69999993E-01
  6.20000005E-01
  6.89999998E-01
  7.79999971E-01
  8.89999986E-01
  1.01999998E+00
  1.17000008E+00
  1.33999991E+00
  1.52999997E+00
  5.89999974E-01
  6.20000005E-01
  6.69999957E-01
  7.40000010E-01
  8.29999983E-01
  9.39999998E-01
  1.06999993E+00
  1.22000003E+00
  1.38999987E+00
  1.57999992E+00
  6.59999967E-01
  6.89999998E-01
  7.40000010E-01
  8.10000002E-01
  8.99999976E-01
  1.00999999E+00
  1.13999999E+00
  1.28999996E+00
  1.45999992E+00
  1.64999998E+00
  7.50000000E-01
  7.80000031E-01
  8.30000043E-01
  9.00000036E-01
  9.90000010E-01
  1.10000002E+00
  1.23000002E+00
  1.38000011E+00
  1.54999995E+00
  1.74000001E+00
  8.60000014E-01
  8.90000045E-01
  9.40000057E-01
  1.00999999E+00
  1.10000002E+00
  1.21000004E+00
  1.34000003E+00
  1.49000001E+00
  1.65999997E+00
  1.85000002E+00
  9.89999950E-01
  1.01999998E+00
  1.06999993E+00
  1.13999999E+00
  1.23000002E+00
  1.33999991E+00
  1.46999991E+00
  1.62000000E+00
  1.78999996E+00
  1.98000002E+00
  1.13999999E+00
  1.16999996E+00
  1.22000003E+00
  1.28999996E+00
  1.38000000E+00
  1.49000001E+00
  1.62000000E+00
  1.76999998E+00
  1.93999994E+00
  2.13000011E+00
  1.30999994E+00
  1.33999991E+00
  1.38999999E+00
  1.45999992E+00
  1.54999995E+00
  1.65999997E+00
  1.78999996E+00
  1.94000006E+00
  2.10999990E+00
  2.29999995E+00
  1.50000000E+00
  1.52999997E+00
  1.58000004E+00
  1.64999998E+00
  1.74000001E+00
  1.85000002E+00
  1.98000002E+00
  2.13000011E+00
  2.29999995E+00
  2.49000001E+00
  6.60000026E-01
  6.90000057E-01
  7.40000010E-01
  8.10000062E-01
  9.00000036E-01
  1.00999999E+00
  1.13999999E+00
  1.29000008E+00
  1.46000004E+00
  1.65000010E+00
  6.90000057E-01
  7.20000088E-01
  7.70000100E-01
  8.40000093E-01
  9.30000067E-01
  1.04000008E+00
  1.17000008E+00
  1.32000017E+00
  1.49000001E+00
  1.68000007E+00
  7.40000010E-01
  7.70000041E-01
  8.20000052E-01
  8.90000045E-01
  9.80000019E-01
  1.09000003E+00
  1.22000003E+00
  1.37000012E+00
  1.53999996E+00
  1.73000002E+00
  8.10000062E-01
  8.40000093E-01
  8.90000105E-01
  9.60000098E-01
  1.05000007E+00
  1.16000009E+00
  1.29000008E+00
  1.44000006E+00
  1.61000001E+00
  1.80000007E+00
  9.00000036E-01
  9.30000067E-01
  9.80000019E-01
  1.05000007E+00
  1.14000010E+00
  1.25000000E+00
  1.38000000E+00
  1.53000009E+00
  1.70000005E+00
  1.89000010E+00
  1.00999999E+00
  1.03999996E+00
  1.09000003E+00
  1.15999997E+00
  1.25000000E+00
  1.36000001E+00
  1.49000001E+00
  1.64000010E+00
  1.80999994E+00
  2.00000000E+00
  1.13999999E+00
  1.16999996E+00
  1.22000003E+00
  1.28999996E+00
  1.38000000E+00
  1.49000001E+00
  1.62000000E+00
  1.76999998E+00
  1.93999994E+00
  2.13000011E+00
  1.29000008E+00
  1.32000005E+00
  1.37000012E+00
  1.44000006E+00
  1.53000009E+00
  1.64000010E+00
  1.77000010E+00
  1.92000008E+00
  2.09000015E+00
  2.28000021E+00
  1.46000004E+00
  1.49000001E+00
  1.54000008E+00
  1.61000001E+00
  1.70000005E+00
  1.81000006E+00
  1.94000006E+00
  2.09000015E+00
  2.25999999E+00
  2.45000005E+00
  1.65000010E+00
  1.68000007E+00
  1.73000014E+00
  1.80000007E+00
  1.89000010E+00
  2.00000000E+00
  2.13000011E+00
  2.28000021E+00
  2.45000005E+00
  2.64000010E+00
  8.29999924E-01
  8.59999955E-01
  9.09999967E-01
  9.79999959E-01
  1.06999993E+00
  1.17999995E+00
  1.30999994E+00
  1.46000004E+00
  1.62999988E+00
  1.81999993E+00
  8.59999955E-01
  8.89999986E-01
  9.39999938E-01
  1.00999999E+00
  1.09999990E+00
  1.21000004E+00
  1.33999991E+00
  1.49000001E+00
  1.65999985E+00
  1.84999990E+00
  9.09999967E-01
  9.39999998E-01
  9.90000010E-01
  1.05999994E+00
  1.14999998E+00
  1.25999999E+00
  1.38999999E+00
  1.53999996E+00
  1.70999992E+00
  1.89999998E+00
  9.79999959E-01
  1.00999999E+00
  1.05999994E+00
  1.13000000E+00
  1.22000003E+00
  1.32999992E+00
  1.45999992E+00
  1.61000001E+00
  1.77999997E+00
  1.97000003E+00
  1.06999993E+00
  1.09999990E+00
  1.14999998E+00
  1.21999991E+00
  1.30999994E+00
  1.41999996E+00
  1.54999995E+00
  1.70000005E+00
  1.86999989E+00
  2.05999994E+00
  1.17999995E+00
  1.20999992E+00
  1.25999999E+00
  1.32999992E+00
  1.41999996E+00
  1.52999997E+00
  1.65999997E+00
  1.80999994E+00
  1.97999990E+00
  2.17000008E+00
  1.30999994E+00
  1.33999991E+00
  1.38999999E+00
  1.45999992E+00
  1.54999995E+00
  1.65999997E+00
  1.78999996E+00
  1.94000006E+00
  2.10999990E+00
  2.29999995E+00
  1.46000004E+00
  1.49000001E+00
  1.54000008E+00
  1.61000001E+00
  1.70000005E+00
  1.81000006E+00
  1.94000006E+00
  2.09000015E+00
  2.25999999E+00
  2.45000005E+00
  1.62999988E+00
  1.65999985E+00
  1.70999992E+00
  1.77999985E+00
  1.86999989E+00
  1.97999990E+00
  2.10999990E+00
  2.25999999E+00
  2.42999983E+00
  2.61999989E+00
  1.81999993E+00
  1.84999990E+00
  1.89999998E+00
  1.96999991E+00
  2.05999994E+00
  2.17000008E+00
  2.29999995E+00
  2.45000005E+00
  2.61999989E+00
  2.80999994E+00
  1.01999998E+00
  1.04999995E+00
  1.10000002E+00
  1.16999996E+00
  1.25999999E+00
  1.37000000E+00
  1.50000000E+00
  1.65000010E+00
  1.81999993E+00
  2.00999999E+00
  1.04999995E+00
  1.07999992E+00
  1.13000000E+00
  1.19999993E+00
  1.28999996E+00
  1.39999998E+00
  1.52999997E+00
  1.68000007E+00
  1.84999990E+00
  2.03999996E+00
  1.10000002E+00
  1.13000000E+00
  1.18000007E+00
  1.25000000E+00
  1.34000003E+00
  1.45000005E+00
  1.58000004E+00
  1.73000002E+00
  1.89999998E+00
  2.09000015E+00
  1.16999996E+00
  1.19999993E+00
  1.25000000E+00
  1.31999993E+00
  1.40999997E+00
  1.51999998E+00
  1.64999998E+00
  1.79999995E+00
  1.96999991E+00
  2.15999985E+00
  1.25999999E+00
  1.28999996E+00
  1.34000003E+00
  1.40999997E+00
  1.50000000E+00
  1.61000001E+00
  1.74000001E+00
  1.89000010E+00
  2.05999994E+00
  2.25000000E+00
  1.37000000E+00
  1.39999998E+00
  1.45000005E+00
  1.51999998E+00
  1.61000001E+00
  1.72000003E+00
  1.85000002E+00
  2.00000000E+00
  2.17000008E+00
  2.36000013E+00
  1.50000000E+00
  1.52999997E+00
  1.58000004E+00
  1.64999998E+00
  1.74000001E+00
  1.85000002E+00
  1.98000002E+00
  2.13000011E+00
  2.29999995E+00
  2.49000001E+00
  1.65000010E+00
  1.68000007E+00
  1.73000014E+00
  1.80000007E+00
  1.89000010E+00
  2.00000000E+00
  2.13000011E+00
  2.28000021E+00
  2.45000005E+00
  2.64000010E+00
  1.81999993E+00
  1.84999990E+00
  1.89999998E+00
  1.96999991E+00
  2.05999994E+00
  2.17000008E+00
  2.29999995E+00
  2.45000005E+00
  2.61999989E+00
  2.80999994E+00
  2.00999999E+00
  2.03999996E+00
  2.08999991E+00
  2.16000009E+00
  2.25000000E+00
  2.36000013E+00
  2.49000001E+00
  2.64000010E+00
  2.80999994E+00
  3.00000000E+00
        10        10        10
  1.50598847E+01  1.50598847E+01  1.50598847E+01
  7.52994233E+00  0.00000000E+00  0.00000000E+00
  0.00000000E+00  7.52994233E+00  0.00000000E+00
  0.00000000E+00  0.00000000E+00  7.52994233E+00
  3.00000012E-02
  6.00000024E-02
  1.10000007E-01
  1.80000007E-01
  2.70000011E-01
  3.80000025E-01
  5.09999990E-01
  6.60000026E-01
  8.29999924E-01
  1.01999998E+00
  6.00000061E-02
  9.00000036E-02
  1.40000015E-01
  2.10000008E-01
  3.00000012E-01
  4.10000026E-01
  5.39999962E-01
  6.90000057E-01
  8.59999955E-01
  1.04999995E+00
  1.09999999E-01
  1.40000001E-01
  1.89999998E-01
  2.60000020E-01
  3.49999994E-01
  4.60000008E-01
  5.89999974E-01
  7.40000069E-01
  9.09999967E-01
  1.10000002E+00
  1.80000022E-01
  2.10000023E-01
  2.60000020E-01
  3.30000043E-01
  4.20000017E-01
  5.30000031E-01
  6.59999967E-01
  8.10000062E-01
  9.79999959E-01
  1.17000008E+00
  2.69999981E-01
  2.99999982E-01
  3.49999994E-01
  4.20000017E-01
  5.09999990E-01
  6.20000005E-01
  7.50000000E-01
  9.00000036E-01
  1.06999993E+00
  1.25999999E+00
  3.79999995E-01
  4.09999996E-01
  4.60000008E-01
  5.30000031E-01
  6.20000005E-01
  7.30000019E-01
  8.60000014E-01
  1.00999999E+00
  1.17999995E+00
  1.37000000E+00
  5.09999990E-01
  5.39999962E-01
  5.89999974E-01
  6.59999967E-01
  7.50000000E-01
  8.60000014E-01
  9.89999950E-01
  1.13999999E+00
  1.30999994E+00
  1.50000000E+00
  6.60000026E-01
  6.90000057E-01
  7.40000010E-01
  8.10000062E-01
  9.00000036E-01
  1.00999999E+00
  1.13999999E+00
  1.29000008E+00
  1.46000004E+00
  1.65000010E+00
  8.29999924E-01
  8.59999955E-01
  9.09999967E-01
  9.79999959E-01
  1.06999993E+00
  1.17999995E+00
  1.30999994E+00
  1.46000004E+00
  1.62999988E+00
  1.81999993E+00
  1.01999998E+00
  1.04999995E+00
  1.10000002E+00
  1.16999996E+00
  1.25999999E+00
  1.37000000E+00
  1.50000000E+00
  1.65000010E+00
  1.81999993E+00
  2.00999999E+00
  6.00000061E-02
  9.00000036E-02
  1.40000015E-01
  2.10000008E-01
  3.00000012E-01
  4.10000026E-01
  5.39999962E-01
  6.90000057E-01
  8.59999955E-01
  1.04999995E+00
  9.00000036E-02
  1.20000005E-01
  1.70000017E-01
  2.40000010E-01
  3.30000013E-01
  4.40000027E-01
  5.69999993E-01
  7.20000029E-01
  8.89999926E-01
  1.08000004E+00
  1.40000015E-01
  1.70000017E-01
  2.20000014E-01
  2.90000021E-01
  3.79999995E-01
  4.90000010E-01
  6.20000005E-01
  7.70000041E-01
  9.39999938E-01
  1.13000000E+00
  2.10000023E-01
  2.40000024E-01
  2.90000021E-01
  3.60000014E-01
  4.50000018E-01
  5.60000062E-01
  6.89999998E-01
  8.40000033E-01
  1.00999999E+00
  1.20000005E+00
  2.99999982E-01
  3.29999983E-01
  3.79999995E-01
  4.49999988E-01
  5.39999962E-01
  6.49999976E-01
  7.79999971E-01
  9.30000067E-01
  1.09999990E+00
  1.28999996E+00
  4.09999996E-01
  4.39999998E-01
  4.90000010E-01
  5.60000002E-01
  6.49999976E-01
  7.59999990E-01
  8.89999986E-01
  1.04000008E+00
  1.20999992E+00
  1.39999998E+00
  5.39999962E-01
  5.69999993E-01
  6.20000005E-01
  6.89999998E-01
  7.79999971E-01
  8.89999986E-01
  1.01999998E+00
  1.17000008E+00
  1.33999991E+00
  1.52999997E+00
  6.90000057E-01
  7.20000088E-01
  7.70000100E-01
  8.40000093E-01
  9.30000067E-01
  1.04000008E+00
  1.17000008E+00
  1.32000017E+00
  1.49000001E+00
  1.68000007E+00
  8.59999955E-01
  8.89999986E-01
  9.39999938E-01
  1.00999999E+00
  1.09999990E+00
  1.21000004E+00
  1.33999991E+00
  1.49000001E+00
  1.65999985E+00
  1.84999990E+00
  1.04999995E+00
  1.07999992E+00
  1.13000000E+00
  1.19999993E+00
  1.28999996E+00
  1.39999998E+00
  1.52999997E+00
  1.68000007E+00
  1.84999990E+00
  2.03999996E+00
  1.09999999E-01
  1.40000001E-01
  1.89999998E-01
  2.60000020E-01
  3.49999994E-01
  4.60000008E-01
  5.89999974E-01
  7.40000069E-01
  9.09999967E-01
  1.10000002E+00
  1.40000015E-01
  1.70000017E-01
  2.20000014E-01
  2.90000021E-01
  3.79999995E-01
  4.90000010E-01
  6.20000005E-01
  7.70000041E-01
  9.39999938E-01
  1.13000000E+00
  1.90000013E-01
  2.20000014E-01
  2.70000011E-01
  3.40000033E-01
  4.30000007E-01
  5.40000021E-01
  6.69999957E-01
  8.20000052E-01
  9.89999950E-01
  1.18000007E+00
  2.59999990E-01
  2.89999992E-01
  3.40000004E-01
  4.10000026E-01
  5.00000000E-01
  6.10000014E-01
  7.40000010E-01
  8.90000045E-01
  1.05999994E+00
  1.25000000E+00
  3.49999994E-01
  3.79999995E-01
  4.30000007E-01
  5.00000000E-01
  5.90000033E-01
  7.00000048E-01
  8.29999983E-01
  9.80000019E-01
  1.14999998E+00
  1.34000003E+00
  4.60000008E-01
  4.90000010E-01
  5.40000021E-01
  6.10000014E-01
  7.00000048E-01
  8.10000062E-01
  9.39999998E-01
  1.09000003E+00
  1.25999999E+00
  1.45000005E+00
  5.89999974E-01
  6.20000005E-01
  6.69999957E-01
  7.40000010E-01
  8.29999983E-01
  9.39999998E-01
  1.06999993E+00
  1.22000003E+00
  1.38999987E+00
  1.57999992E+00
  7.40000010E-01
  7.70000041E-01
  8.20000052E-01
  8.90000045E-01
  9.80000019E-01
  1.09000003E+00
  1.22000003E+00
  1.37000012E+00
  1.53999996E+00
  1.73000002E+00
  9.09999967E-01
  9.39999998E-01
  9.90000010E-01
  1.05999994E+00
  1.14999998E+00
  1.25999999E+00
  1.38999999E+00
  1.53999996E+00
  1.70999992E+00
  1.89999998E+00
  1.10000002E+00
  1.13000000E+00
  1.18000007E+00
  1.25000000E+00
  1.34000003E+00
  1.45000005E+00
  1.58000004E+00
  1.73000002E+00
  1.89999998E+00
  2.09000015E+00
  1.80000022E-01
  2.10000023E-01
  2.60000020E-01
  3.30000043E-01
  4.20000017E-01
  5.30000031E-01
  6.59999967E-01
  8.10000062E-01
  9.79999959E-01
  1.17000008E+00
  2.10000023E-01
  2.40000024E-01
  2.90000021E-01
  3.60000014E-01
  4.50000018E-01
  5.60000062E-01
  6.89999998E-01
  8.40000033E-01
  1.00999999E+00
  1.20000005E+00
  2.59999990E-01
  2.89999992E-01
  3.40000004E-01
  4.10000026E-01
  5.00000000E-01
  6.10000014E-01
  7.40000010E-01
  8.90000045E-01
  1.05999994E+00
  1.25000000E+00
  3.30000013E-01
  3.60000014E-01
  4.10000026E-01
  4.80000019E-01
  5.70000052E-01
  6.80000067E-01
  8.10000002E-01
  9.60000038E-01
  1.13000000E+00
  1.32000005E+00
  4.20000017E-01
  4.50000018E-01
  5.00000000E-01
  5.70000052E-01
  6.60000026E-01
  7.70000041E-01
  8.99999976E-01
  1.05000007E+00
  1.22000003E+00
  1.41000009E+00
  5.30000031E-01
  5.60000062E-01
  6.10000014E-01
  6.80000067E-01
  7.70000041E-01
  8.80000055E-01
  1.00999999E+00
  1.16000009E+00
  1.32999992E+00
  1.51999998E+00
  6.59999967E-01
  6.89999998E-01
  7.40000010E-01
  8.10000002E-01
  8.99999976E-01
  1.00999999E+00
  1.13999999E+00
  1.28999996E+00
  1.45999992E+00
  1.64999998E+00
  8.10000062E-01
  8.40000093E-01
  8.90000105E-01
  9.60000098E-01
  1.05000007E+00
  1.16000009E+00
  1.29000008E+00
  1.44000006E+00
  1.61000001E+00
  1.80000007E+00
  9.79999959E-01
  1.00999999E+00
  1.05999994E+00
  1.13000000E+00
  1.22000003E+00
  1.32999992E+00
  1.45999992E+00
  1.61000001E+00
  1.77999997E+00
  1.97000003E+00
  1.16999996E+00
  1.19999993E+00
  1.25000000E+00
  1.31999993E+00
  1.40999997E+00
  1.51999998E+00
  1.64999998E+00
  1.79999995E+00
  1.96999991E+00
  2.15999985E+00
  2.69999981E-01
  2.99999982E-01
  3.49999994E-01
  4.20000017E-01
  5.09999990E-01
  6.20000005E-01
  7.50000000E-01
  9.00000036E-01
  1.06999993E+00
  1.25999999E+00
  2.99999982E-01
  3.29999983E-01
  3.79999995E-01
  4.49999988E-01
  5.39999962E-01
  6.49999976E-01
  7.79999971E-01
  9.30000067E-01
  1.09999990E+00
  1.28999996E+00
  3.49999994E-01
  3.79999995E-01
  4.30000007E-01
  5.00000000E-01
  5.90000033E-01
  7.00000048E-01
  8.29999983E-01
  9.80000019E-01
  1.14999998E+00
  1.34000003E+00
  4.20000017E-01
  4.50000018E-01
  5.00000000E-01
  5.70000052E-01
  6.60000026E-01
  7.70000041E-01
  8.99999976E-01
  1.05000007E+00
  1.22000003E+00
  1.41000009E+00
  5.09999990E-01
  5.40000021E-01
  5.90000033E-01
  6.60000026E-01
  7.50000000E-01
  8.60000014E-01
  9.90000010E-01
  1.14000010E+00
  1.30999994E+00
  1.50000000E+00
  6.20000005E-01
  6.50000036E-01
  7.00000048E-01
  7.70000041E-01
  8.60000014E-01
  9.70000029E-01
  1.10000002E+00
  1.25000000E+00
  1.41999996E+00
  1.61000001E+00
  7.50000000E-01
  7.80000031E-01
  8.30000043E-01
  9.00000036E-01
  9.90000010E-01
  1.10000002E+00
  1.23000002E+00
  1.38000011E+00
  1.54999995E+00
  1.74000001E+00
  9.00000036E-01
  9.30000067E-01
  9.80000019E-01
  1.05000007E+00
  1.14000010E+00
  1.25000000E+00
  1.38000000E+00
  1.53000009E+00
  1.70000005E+00
  1.89000010E+00
  1.06999993E+00
  1.09999990E+00
  1.14999998E+00
  1.21999991E+00
  1.30999994E+00
  1.41999996E+00
  1.54999995E+00
  1.70000005E+00
  1.86999989E+00
  2.05999994E+00
  1.25999999E+00
  1.28999996E+00
  1.34000003E+00
  1.40999997E+00
  1.50000000E+00
  1.61000001E+00
  1.74000001E+00
  1.89000010E+00
  2.05999994E+00
  2.25000000E+00
  3.79999995E-01
  4.09999996E-01
  4.60000008E-01
  5.30000031E-01
  6.20000005E-01
  7.30000019E-01
  8.60000014E-01
  1.00999999E+00
  1.17999995E+00
  1.37000000E+00
  4.09999996E-01
  4.39999998E-01
  4.90000010E-01
  5.60000002E-01
  6.49999976E-01
  7.59999990E-01
  8.89999986E-01
  1.04000008E+00
  1.20999992E+00
  1.39999998E+00
  4.60000008E-01
  4.90000010E-01
  5.40000021E-01
  6.10000014E-01
  7.00000048E-01
  8.10000062E-01
  9.39999998E-01
  1.09000003E+00
  1.25999999E+00
  1.45000005E+00
  5.30000031E-01
  5.60000062E-01
  6.10000014E-01
  6.80000067E-01
  7.70000041E-01
  8.80000055E-01
  1.00999999E+00
  1.16000009E+00
  1.32999992E+00
  1.51999998E+00
  6.20000005E-01
  6.50000036E-01
  7.00000048E-01
  7.70000041E-01
  8.60000014E-01
  9.70000029E-01
  1.10000002E+00
  1.25000000E+00
  1.41999996E+00
  1.61000001E+00
  7.30000019E-01
  7.60000050E-01
  8.10000062E-01
  8.80000055E-01
  9.70000029E-01
  1.08000004E+00
  1.21000004E+00
  1.36000013E+00
  1.52999997E+00
  1.72000003E+00
  8.60000014E-01
  8.90000045E-01
  9.40000057E-01
  1.00999999E+00
  1.10000002E+00
  1.21000004E+00
  1.34000003E+00
  1.49000001E+00
  1.65999997E+00
  1.85000002E+00
  1.00999999E+00
  1.03999996E+00
  1.09000003E+00
  1.15999997E+00
  1.25000000E+00
  1.36000001E+00
  1.49000001E+00
  1.64000010E+00
  1.80999994E+00
  2.00000000E+00
  1.17999995E+00
  1.20999992E+00
  1.25999999E+00
  1.32999992E+00
  1.41999996E+00
  1.52999997E+00
  1.65999997E+00
  1.80999994E+00
  1.97999990E+00
  2.17000008E+00
  1.37000000E+00
  1.39999998E+00
  1.45000005E+00
  1.51999998E+00
  1.61000001E+00
  1.72000003E+00
  1.85000002E+00
  2.00000000E+00
  2.17000008E+00
  2.36000013E+00
  5.09999990E-01
  5.39999962E-01
  5.89999974E-01
  6.59999967E-01
  7.50000000E-01
  8.60000014E-01
  9.89999950E-01
  1.13999999E+00
  1.30999994E+00
  1.50000000E+00
  5.39999962E-01
  5.69999993E-01
  6.20000005E-01
  6.89999998E-01
  7.79999971E-01
  8.89999986E-01
  1.01999998E+00
  1.17000008E+00
  1.33999991E+00
  1.52999997E+00
  5.89999974E-01
  6.20000005E-01
  6.69999957E-01
  7.40000010E-01
  8.29999983E-01
  9.39999998E-01
  1.06999993E+00
  1.22000003E+00
  1.38999987E+00
  1.57999992E+00
  6.59999967E-01
  6.89999998E-01
  7.40000010E-01
  8.10000002E-01
  8.99999976E-01
  1.00999999E+00
  1.13999999E+00
  1.28999996E+00
  1.45999992E+00
  1.64999998E+00
  7.50000000E-01
  7.80000031E-01
  8.30000043E-01
  9.00000036E-01
  9.90000010E-01
  1.10000002E+00
  1.23000002E+00
  1.38000011E+00
  1.54999995E+00
  1.74000001E+00
  8.60000014E-01
  8.90000045E-01
  9.40000057E-01
  1.00999999E+00
  1.10000002E+00
  1.21000004E+00
  1.34000003E+00
  1.49000001E+00
  1.65999997E+00
  1.85000002E+00
  9.89999950E-01
  1.01999998E+00
  1.06999993E+00
  1.13999999E+00
  1.23000002E+00
  1.33999991E+00
  1.46999991E+00
  1.62000000E+00
  1.78999996E+00
  1.98000002E+00
  1.13999999E+00
  1.16999996E+00
  1.22000003E+00
  1.28999996E+00
  1.38000000E+00
  1.49000001E+00
  1.62000000E+00
  1.76999998E+00
  1.93999994E+00
  2.13000011E+00
  1.30999994E+00
  1.33999991E+00
  1.38999999E+00
  1.45999992E+00
  1.54999995E+00
  1.65999997E+00
  1.78999996E+00
  1.94000006E+00
  2.10999990E+00
  2.29999995E+00
  1.50000000E+00
  1.52999997E+00
  1.58000004E+00
  1.64999998E+00
  1.74000001E+00
  1.85000002E+00
  1.98000002E+00
  2.13000011E+00
  2.29999995E+00
  2.49000001E+00
  6.60000026E-01
  6.90000057E-01
  7.40000010E-01
  8.10000062E-01
  9.00000036E-01
  1.00999999E+00
  1.13999999E+00
  1.29000008E+00
  1.46000004E+00
  1.65000010E+00
  6.90000057E-01
  7.20000088E-01
  7.70000100E-01
  8.40000093E-01
  9.30000067E-01
  1.04000008E+00
  1.17000008E+00
  1.32000017E+00
  1.49000001E+00
  1.68000007E+00
  7.40000010E-01
  7.70000041E-01
  8.20000052E-01
  8.90000045E-01
  9.80000019E-01
  1.09000003E+00
  1.22000003E+00
  1.37000012E+00
  1.53999996E+00
  1.73000002E+00
  8.10000062E-01
  8.40000093E-01
  8.90000105E-01
  9.60000098E-01
  1.05000007E+00
  1.16000009E+00
  1.29000008E+00
  1.44000006E+00
  1.61000001E+00
  1.80000007E+00
  9.00000036E-01
  9.30000067E-01
  9.80000019E-01
  1.05000007E+00
  1.14000010E+00
  1.25000000E+00
  1.38000000E+00
  1.53000009E+00
  1.70000005E+00
  1.89000010E+00
  1.00999999E+00
  1.03999996E+00
  1.09000003E+00
  1.15999997E+00
  1.25000000E+00
  1.36000001E+00
  1.49000001E+00
  1.64000010E+00
  1.80999994E+00
  2.00000000E+00
  1.13999999E+00
  1.16999996E+00
  1.22000003E+00
  1.28999996E+00
  1.38000000E+00
  1.49000001E+00
  1.62000000E+00
  1.76999998E+00
  1.93999994E+00
  2.13000011E+00
  1.29000008E+00
  1.32000005E+00
  1.37000012E+00
  1.44000006E+00
  1.53000009E+00
  1.64000010E+00
  1.77000010E+00
  1.92000008E+00
  2.09000015E+00
  2.28000021E+00
  1.46000004E+00
  1.49000001E+00
  1.54000008E+00
  1.61000001E+00
  1.70000005E+00
  1.81000006E+00
  1.94000006E+00
  2.09000015E+00
  2.25999999E+00
  2.45000005E+00
  1.65000010E+00
  1.68000007E+00
  1.73000014E+00
  1.80000007E+00
  1.89000010E+00
  2.00000000E+00
  2.13000011E+00
  2.28000021E+00
  2.45000005E+00
  2.64000010E+00
  8.29999924E-01
  8.59999955E-01
  9.09999967E-01
  9.79999959E-01
  1.06999993E+00
  1.17999995E+00
  1.30999994E+00
  1.46000004E+00
  1.62999988E+00
  1.81999993E+00
  8.59999955E-01
  8.89999986E-01
  9.39999938E-01
  1.00999999E+00
  1.09999990E+00
  1.21000004E+00
  1.33999991E+00
  1.49000001E+00
  1.65999985E+00
  1.84999990E+00
  9.09999967E-01
  9.39999998E-01
  9.90000010E-01
  1.05999994E+00
  1.14999998E+00
  1.25999999E+00
  1.38999999E+00
  1.53999996E+00
  1.70999992E+00
  1.89999998E+00
  9.79999959E-01
  1.00999999E+00
  1.05999994E+00
  1.13000000E+00
  1.22000003E+00
  1.32999992E+00
  1.45999992E+00
  1.61000001E+00
  1.77999997E+00
  1.97000003E+00
  1.06999993E+00
  1.09999990E+00
  1.14999998E+00
  1.21999991E+00
  1.30999994E+00
  1.41999996E+00
  1.54999995E+00
  1.70000005E+00
  1.86999989E+00
  2.05999994E+00
  1.17999995E+00
  1.20999992E+00
  1.25999999E+00
  1.32999992E+00
  1.41999996E+00
  1.52999997E+00
  1.65999997E+00
  1.80999994E+00
  1.97999990E+00
  2.17000008E+00
  1.30999994E+00
  1.33999991E+00
  1.38999999E+00
  1.45999992E+00
  1.54999995E+00
  1.65999997E+00
  1.78999996E+00
  1.94000006E+00
  2.10999990E+00
  2.29999995E+00
  1.46000004E+00
  1.49000001E+00
  1.54000008E+00
  1.61000001E+00
  1.70000005E+00
  1.81000006E+00
  1.94000006E+00
  2.09000015E+00
  2.25999999E+00
  2.45000005E+00
  1.62999988E+00
  1.65999985E+00
  1.70999992E+00
  1.77999985E+00
  1.86999989E+00
  1.97999990E+00
  2.10999990E+00
  2.25999999E+00
  2.42999983E+00
  2.61999989E+00
  1.81999993E+00
  1.84999990E+00
  1.89999998E+00
  1.96999991E+00
  2.05999994E+00
  2.17000008E+00
  2.29999995E+00
  2.45000005E+00
  2.61999989E+00
  2.80999994E+00
  1.01999998E+00
  1.04999995E+00
  1.10000002E+00
  1.16999996E+00
  1.25999999E+00
  1.37000000E+00
  1.50000000E+00
  1.65000010E+00
  1.81999993E+00
  2.00999999E+00
  1.04999995E+00
  1.07999992E+00
  1.13000000E+00
  1.19999993E+00
  1.28999996E+00
  1.39999998E+00
  1.52999997E+00
  1.68000007E+00
  1.84999990E+00
  2.03999996E+00
  1.10000002E+00
  1.13000000E+00
  1.18000007E+00
  1.25000000E+00
  1.34000003E+00
  1.45000005E+00
  1.58000004E+00
  1.73000002E+00
  1.89999998E+00
  2.09000015E+00
  1.16999996E+00
  1.19999993E+00
  1.25000000E+00
  1.31999993E+00
  1.40999997E+00
  1.51999998E+00
  1.64999998E+00
  1.79999995E+00
  1.96999991E+00
  2.15999985E+00
  1.25999999E+00
  1.28999996E+00
  1.34000003E+00
  1.40999997E+00
  1.50000000E+00
  1.61000001E+00
  1.74000001E+00
  1.89000010E+00
  2.05999994E+00
  2.25000000E+00
  1.37000000E+00
  1.39999998E+00
  1.45000005E+00
  1.51999998E+00
  1.61000001E+00
  1.72000003E+00
  1.85000002E+00
  2.00000000E+00
  2.17000008E+00
  2.36000013E+00
  1.50000000E+00
  1.52999997E+00
  1.58000004E+00
  1.64999998E+00
  1.74000001E+00
  1.85000002E+00
  1.98000002E+00
  2.13000011E+00
  2.29999995E+00
  2.49000001E+00
  1.65000010E+00
  1.68000007E+00
  1.73000014E+00
  1.80000007E+00
  1.89000010E+00
  2.00000000E+00
  2.13000011E+00
  2.28000021E+00
  2.45000005E+00
  2.64000010E+00
  1.81999993E+00
  1.84999990E+00
  1.89999998E+00
  1.96999991E+00
  2.05999994E+00
  2.17000008E+00
  2.29999995E+00
  2.45000005E+00
  2.61999989E+00
  2.80999994E+00
  2.00999999E+00
  2.03999996E+00
  2.08999991E+00
  2.16000009E+00
  2.25000000E+00
  2.36000013E+00
  2.49000001E+00
  2.64000010E+00
  2.80999994E+00
  3.00000000E+00
