       108         5         2      2000
  3.01197693E+01  0.00000000E+00  0.00000000E+00
  0.00000000E+00  3.01197693E+01  0.00000000E+00
  0.00000000E+00  0.00000000E+00  3.01197693E+01
    2    0.8699396E+00    0.4378281E+00    0.3249660E+00    0.2213669E-03   -0.4191682E-03    0.1938569E-02    0.3085544E+05    0.1955310E-06
    1    0.7530122E+00    0.8046014E+00    0.5686209E-01    0.3626572E-03    0.1066271E-02    0.1996003E-02    0.4069232E+05    0.3387458E-08
    2    0.8785949E-01    0.3518570E+00    0.8635184E+00   -0.1267751E-02   -0.2972548E-03    0.1725971E-02    0.3621478E+05    0.9774004E-06
    1    0.6031553E+00    0.3948230E+00    0.2223688E+00    0.2120270E-03    0.1388366E-02    0.9511494E-03    0.2229042E+05    0.1751637E-06
    2    0.9106694E-01    0.1988736E+00    0.6595691E+00   -0.3544781E-03   -0.5939683E-03   -0.8074788E-03    0.8758082E+04   -0.4717096E-06
    1    0.2917159E+00    0.6472961E-01    0.7746399E+00    0.9351259E-03   -0.4797433E-03    0.2065425E-03    0.8888228E+04   -0.8973560E-06
    2    0.3336895E+00    0.4431096E+00    0.5380803E+00    0.5399283E-03   -0.1538589E-02   -0.8458655E-03    0.2614132E+05    0.7461803E-06
    1    0.1209674E+00    0.7880590E+00    0.2101442E+00    0.1406969E-02   -0.1077797E-03   -0.2830663E-03    0.1604694E+05   -0.9150766E-06
    2    0.7229559E+00    0.1124012E+00    0.8535338E+00   -0.3570290E-03   -0.1132678E-02   -0.1810557E-03    0.1118092E+05   -0.4716163E-06
    1    0.2991901E-01    0.2053495E+00    0.2101173E+00    0.2814308E-03    0.6853078E-03    0.1612941E-02    0.2440718E+05    0.4988719E-07
    2    0.6743490E+00    0.1449129E+00    0.2650818E+00    0.1007789E-03    0.5916581E-03   -0.2740498E-03    0.3372528E+04    0.9957681E-07
    1    0.5945930E+00    0.7639787E+00    0.9045065E+00    0.1388477E-02    0.1708752E-02    0.2057219E-03    0.3788429E+05   -0.2521948E-06
    2    0.1274625E+00    0.1193437E+00    0.3498128E+00    0.4159400E-03   -0.4566065E-03    0.1029843E-02    0.1117211E+05   -0.1024574E-05
    1    0.8277590E+00    0.9852234E+00    0.8129066E+00   -0.9981313E-03    0.1065864E-03   -0.4284209E-03    0.9228311E+04    0.3388880E-06
    2    0.6646874E+00    0.2178765E+00    0.8143916E-01    0.2556650E-03    0.1950131E-03   -0.3129819E-03    0.1559929E+04   -0.7103050E-06
    1    0.3049135E+00    0.6292974E+00    0.5347258E+00    0.8082058E-04    0.8081270E-03    0.2111206E-03    0.5455411E+04    0.3406909E-06
    2    0.1103361E+00    0.8506126E+00    0.7361210E-02   -0.6835929E-03    0.1159484E-02   -0.2459762E-03    0.1450447E+05   -0.2203724E-05
    1    0.5903226E+00    0.4198311E+00    0.5230564E-01    0.7319846E-03    0.9748341E-03    0.6969665E-03    0.1527655E+05   -0.2650793E-06
    2    0.1376663E+00    0.9297543E+00    0.3325533E+00    0.2700604E-03   -0.8431292E-03   -0.1248043E-02    0.1813952E+05   -0.5893846E-06
    1    0.3781169E+00    0.5421931E+00    0.9674151E+00   -0.2007497E-02    0.5047772E-03   -0.9388991E-04    0.3326410E+05   -0.3389739E-06
    2    0.8774514E+00    0.9345536E+00    0.1884709E-01   -0.4082823E-03    0.7933772E-04   -0.4005400E-03    0.2583100E+04    0.3642324E-07
    1    0.1344737E+00    0.9446542E+00    0.8395115E+00    0.1266633E-04    0.7288308E-03    0.2922129E-03    0.4778069E+04   -0.1103082E-05
    2    0.9044377E-01    0.6385460E+00    0.9453637E+00    0.4594328E-03   -0.1946308E-03   -0.9457817E-03    0.8858701E+04   -0.5524644E-07
    1    0.8803679E+00    0.8452343E+00    0.6346128E+00    0.5965520E-03   -0.6196941E-04    0.6453498E-03    0.6013351E+04    0.6931434E-07
    2    0.8305871E-01    0.7392717E+00    0.4614300E+00   -0.8565983E-03   -0.1104714E-02   -0.1283918E-02    0.2791026E+05   -0.1347069E-05
    1    0.3110644E-01    0.5218765E+00    0.4706247E+00   -0.1028371E-02    0.4079453E-03    0.6917472E-03    0.1318956E+05   -0.1840203E-06
    2    0.4572008E+00    0.6059843E+00    0.3393831E+00   -0.2589515E-03    0.5627187E-03    0.6414183E-03    0.6160044E+04    0.2298285E-06
    1    0.7985080E+00    0.9344112E+00    0.2028166E+00    0.3697253E-03    0.5428237E-03   -0.8044397E-04    0.3391948E+04    0.1278598E-06
    2    0.4931762E+00    0.8752375E-01    0.6643914E+00   -0.1395039E-02   -0.1127303E-03   -0.2049490E-03    0.1550108E+05   -0.2234765E-07
    1    0.2634414E+00    0.7112622E+00    0.1900986E+00   -0.9037152E-04   -0.3586968E-03   -0.3653279E-03    0.2094044E+04    0.7841991E-06
    2    0.3888003E+00    0.9382901E+00    0.7777066E+00   -0.4746777E-04   -0.4379967E-03    0.1349290E-02    0.1560824E+05    0.1759616E-05
    1    0.8833397E+00    0.5947024E+00    0.9892883E+00    0.6421625E-03   -0.1028168E-02   -0.2500299E-03    0.1186893E+05   -0.2055164E-06
    2    0.1774502E+00    0.3806669E+00    0.5260600E+00   -0.7898408E-04   -0.3348198E-03    0.4484837E-03    0.2475098E+04   -0.3616280E-06
    1    0.2362854E+00    0.9607498E+00    0.6574326E-01    0.7591616E-03    0.5012272E-03    0.3377403E-03    0.7295002E+04    0.1813730E-06
    2    0.9873192E+00    0.3782939E-01    0.7226430E+00    0.7327668E-03    0.3687374E-03   -0.1116522E-02    0.1487115E+05    0.5764431E-06
    1    0.3816846E+00    0.8184736E+00    0.9282853E+00    0.2578136E-03    0.7781475E-03   -0.6013219E-03    0.8007329E+04   -0.5449793E-07
    2    0.8031161E+00    0.2427973E+00    0.5537026E+00    0.1361050E-02   -0.4910686E-03    0.6619976E-03    0.1961486E+05    0.2763392E-07
    1    0.7480812E+00    0.8567162E+00    0.3689330E+00    0.1164816E-02   -0.2079871E-03    0.9006614E-03    0.1713109E+05   -0.9086539E-07
    2    0.9168417E+00    0.2336153E+00    0.3572216E+00    0.2963476E-03    0.7710055E-03    0.1593000E-02    0.2494555E+05   -0.6349146E-07
    1    0.7293611E+00    0.9074954E+00    0.5457616E+00    0.1602727E-02    0.7655402E-03   -0.2595335E-03    0.2496277E+05   -0.5851216E-07
    2    0.6794541E+00    0.9937763E+00    0.6899251E+00    0.6161496E-03   -0.1152889E-02    0.1671605E-04    0.1324062E+05    0.1580012E-06
    1    0.7169578E+00    0.8811492E+00    0.9143059E+00    0.6105109E-03    0.2685505E-03   -0.4227050E-03    0.4830590E+04    0.1080352E-06
    2    0.4933876E+00    0.6640640E+00    0.9211055E-02    0.2279759E-02    0.3379357E-03    0.9070641E-04    0.4121332E+05    0.5213420E-07
    1    0.9281994E+00    0.8680517E+00    0.4080752E+00   -0.6813706E-03   -0.3557408E-03   -0.3550571E-03    0.5553878E+04    0.1784415E-06
    2    0.4395522E+00    0.4029064E+00    0.3298931E+00   -0.1926564E-02   -0.4116055E-03   -0.7108406E-03    0.3398228E+05   -0.1279946E-06
    1    0.6555636E+00    0.4900319E+00    0.4694588E+00    0.1350377E-02    0.5361694E-03   -0.9105245E-03    0.2277733E+05   -0.4087682E-07
    2    0.6137112E+00    0.9801836E+00    0.2314167E+00   -0.3184129E-03   -0.1400992E-02   -0.3957060E-03    0.1720471E+05   -0.1971630E-06
    1    0.5864486E+00    0.3552810E+00    0.8783678E+00   -0.1140300E-02    0.8632754E-03   -0.8982320E-04    0.1590974E+05    0.7703208E-06
    2    0.7204681E+00    0.5516646E+00    0.3180545E+00    0.9959742E-03    0.3480856E-03    0.3305478E-03    0.9470171E+04   -0.1500476E-06
    1    0.8067936E-01    0.4210430E+00    0.7922080E-01    0.3543859E-03    0.1240111E-02    0.1279311E-02    0.2556673E+05   -0.2391168E-07
    2    0.8270148E+00    0.2279302E+00    0.1682820E+00    0.3791259E-03   -0.7326362E-03   -0.5033124E-03    0.7234512E+04    0.1530076E-06
    1    0.2174518E+00    0.2855125E+00    0.1482960E+00   -0.1803467E-02   -0.1033590E-02    0.2283373E-04    0.3347841E+05   -0.1778978E-07
    2    0.1789712E+00    0.5216760E+00    0.7077596E+00   -0.9200389E-04   -0.5282587E-03   -0.1365913E-02    0.1668171E+05   -0.1909236E-07
    1    0.5089583E+00    0.2692122E+00    0.7167917E+00    0.4704016E-03    0.4079541E-03    0.1735995E-03    0.3237122E+04   -0.1291754E-05
    2    0.5064267E+00    0.7676632E+00    0.5239330E+00    0.4814134E-03    0.5956353E-04    0.4204047E-03    0.3192233E+04   -0.9971025E-07
    1    0.5485751E+00    0.2886111E+00    0.4047261E+00    0.2396324E-03    0.9101454E-04   -0.1231246E-02    0.1225364E+05    0.4416611E-06
    2    0.6092818E+00    0.5444371E+00    0.1470472E+00    0.4787721E-03   -0.7700890E-03   -0.4938495E-03    0.8259717E+04    0.2441880E-06
    1    0.3580025E+00    0.6079050E+00    0.7888007E+00    0.1636641E-03    0.9051584E-03    0.5458653E-03    0.8863380E+04    0.6302832E-08
    2    0.4407053E+00    0.6785281E+00    0.2015210E+00    0.4122041E-03    0.7284776E-03   -0.1002648E-03    0.5505550E+04    0.5380476E-07
    1    0.8497894E+00    0.5400873E+00    0.1905551E+00    0.7901996E-03   -0.5000100E-03    0.1586221E-02    0.2626725E+05    0.6697373E-07
    2    0.1103639E+00    0.9860584E+00    0.5588551E+00   -0.5054928E-03    0.6241927E-03    0.1233498E-02    0.1678564E+05   -0.7644252E-06
    1    0.9408748E+00    0.7142929E+00    0.7818373E+00   -0.6068036E-04    0.6137810E-03   -0.1177901E-02    0.1369606E+05   -0.5054360E-07
    2    0.9508630E+00    0.8662021E+00    0.8688523E+00   -0.8925630E-03    0.8087152E-03   -0.2037143E-03    0.1156037E+05    0.3699382E-06
    1    0.1517010E+00    0.1198998E+00    0.1905102E-01    0.1041708E-02    0.5546727E-03   -0.2903243E-03    0.1144352E+05   -0.8137484E-07
    2    0.2972606E+00    0.2856586E+00    0.9633693E+00    0.8653347E-03   -0.2296286E-03   -0.7805033E-03    0.1092920E+05   -0.3214874E-06
    1    0.8549562E+00    0.2276066E+00    0.7842426E+00    0.1309907E-03    0.7348201E-03    0.2105490E-02    0.3866042E+05   -0.1194266E-06
    2    0.9065170E+00    0.2369172E-01    0.5807407E+00   -0.4241202E-03   -0.1063713E-02   -0.1903821E-03    0.1044027E+05   -0.4866259E-06
    1    0.2348039E-01    0.9113559E+00    0.1528250E+00   -0.3931449E-03    0.3594994E-03   -0.2191525E-03    0.2570777E+04   -0.5876440E-06
    2    0.2792824E+00    0.4839149E+00    0.2975692E+00   -0.1221941E-02   -0.4185711E-03    0.5048718E-03    0.1489982E+05   -0.2099960E-06
    1    0.4739395E+00    0.1579235E+00    0.2222230E+00   -0.6696460E-03    0.1373452E-03   -0.8953013E-03    0.9830139E+04    0.9336598E-06
    2    0.7736918E+00    0.4320968E+00    0.9092644E+00   -0.7081239E-03    0.5862851E-03    0.9451389E-03    0.1346828E+05    0.2783544E-07
    1    0.7075434E+00    0.7888126E-01    0.2144316E-01    0.7690907E-03   -0.7341701E-03   -0.2441710E-03    0.9220211E+04    0.4543430E-06
    2    0.3569464E+00    0.8050243E+00    0.7176096E+00   -0.1065554E-03   -0.1684286E-02   -0.4479025E-03    0.2361978E+05   -0.4060170E-06
    1    0.1800092E+00    0.8409676E+00    0.5755330E+00    0.2609024E-03    0.6415938E-03   -0.5585108E-03    0.6133094E+04    0.6844241E-06
    2    0.2792358E+00    0.7516468E+00    0.4076799E+00   -0.1449907E-02   -0.8674923E-03   -0.2393318E-03    0.2256043E+05    0.5016833E-06
    1    0.4600312E+00    0.2527177E+00    0.9030794E+00    0.1055116E-02    0.5695085E-03   -0.9874783E-03    0.1869199E+05   -0.4366327E-06
    2    0.7020294E+00    0.4742315E+00    0.6832150E+00    0.1042812E-02    0.1257155E-02    0.6208892E-03    0.2365547E+05    0.1584587E-05
    1    0.5743264E+00    0.8580354E+00    0.6999622E+00   -0.4851187E-03    0.4213194E-03    0.1358601E-02    0.1749831E+05   -0.3229726E-06
    2    0.9645944E+00    0.6747915E+00    0.6061092E+00   -0.1526184E-03   -0.2553697E-04   -0.4802960E-03    0.1972675E+04    0.3737764E-07
    1    0.2282313E+00    0.1102026E+00    0.5114983E+00   -0.4267572E-03    0.1635850E-03    0.4622388E-03    0.3273577E+04    0.2384594E-07
    2    0.1746880E+00    0.2169162E+00    0.8008015E+00   -0.5681668E-03    0.6025272E-03    0.7321190E-03    0.9465994E+04    0.1068224E-05
    1    0.4542770E+00    0.8634175E+00    0.3014546E+00   -0.3979721E-03    0.4319766E-03    0.4003976E-03    0.3914720E+04   -0.4087828E-07
    2    0.3138209E+00    0.1172835E+00    0.1928925E+00    0.5527304E-04   -0.2644547E-03    0.1045687E-02    0.9036809E+04   -0.6859842E-06
    1    0.3755743E+00    0.8362965E+00    0.9428738E-01   -0.1726162E-03    0.6289492E-03    0.1368470E-03    0.3440562E+04    0.8052984E-06
    2    0.5104517E+00    0.1246107E+00    0.4209703E+00    0.4303888E-03   -0.3324329E-04    0.2196414E-03    0.1817367E+04   -0.1612828E-06
    1    0.2794087E+00    0.9957969E+00    0.4019490E+00    0.3856134E-03    0.7025009E-03    0.3345137E-03    0.5842243E+04    0.8227278E-06
    2    0.3296646E+00    0.2928615E+00    0.4793527E+00    0.1279287E-02    0.6061549E-03    0.1012603E-03    0.1560493E+05    0.4000329E-06
    1    0.1246240E-01    0.1736586E+00    0.8558955E+00    0.1162468E-02   -0.4295233E-03    0.5311315E-05    0.1189864E+05   -0.1168235E-06
    2    0.5929908E+00    0.5866254E+00    0.8733865E+00    0.8177530E-03    0.9623446E-04    0.7922260E-04    0.5301118E+04    0.4182161E-07
    1    0.4369985E+00    0.3110406E+00    0.1727738E+00    0.7445537E-03   -0.8271701E-03   -0.4510376E-03    0.1117159E+05   -0.3165638E-06
    2    0.1748224E+00    0.6206642E+00    0.4171334E+00    0.4890252E-03    0.8707209E-03   -0.1627873E-02    0.2825635E+05    0.5952300E-06
    1    0.8887447E+00    0.7247690E+00    0.1849926E+00    0.4426978E-03   -0.6255078E-05   -0.1268061E-02    0.1397605E+05    0.6055435E-07
    2    0.8064642E+00    0.7398602E-01    0.4219036E+00   -0.4953562E-03    0.1693863E-03    0.5695985E-03    0.4636826E+04   -0.6069325E-07
    1    0.5207669E+00    0.9530453E+00    0.9525310E+00   -0.6755594E-03    0.1282309E-02   -0.2874730E-03    0.1691489E+05    0.9156785E-06
    2    0.6650014E+00    0.3006971E+00    0.6896033E+00    0.6922790E-04   -0.1971984E-03   -0.1005197E-02    0.8166387E+04    0.1194048E-05
    1    0.9203095E+00    0.1350614E+00    0.2299066E-01   -0.1887248E-03    0.5091508E-03    0.1089175E-02    0.1147489E+05    0.7797770E-08
    2    0.5602270E+00    0.5175759E+00    0.6238022E+00   -0.2693078E-05    0.5664815E-03    0.8901648E-03    0.8625038E+04   -0.2473681E-05
    1    0.9294806E-02    0.4832362E+00    0.8863254E+00   -0.4402574E-04    0.3680466E-03   -0.6657943E-04    0.1098789E+04   -0.1263560E-05
    2    0.2526035E+00    0.2221674E+00    0.3405503E+00    0.1418945E-02   -0.5727400E-03   -0.2142047E-03    0.1849517E+05    0.7351744E-06
    1    0.6182415E+00    0.6341241E+00    0.7061414E+00    0.6561484E-03   -0.1782179E-03   -0.6823833E-03    0.7188986E+04    0.9045976E-06
    2    0.2085193E+00    0.7380928E+00    0.2898967E-01    0.4764465E-03   -0.6344610E-03    0.6248841E-03    0.7902375E+04    0.2267982E-05
    1    0.9331790E-02    0.3421766E+00    0.5177114E+00   -0.1647460E-02   -0.4827425E-05   -0.2007971E-03    0.2133958E+05   -0.5356574E-06
    2    0.5152049E+00    0.9144637E+00    0.4631848E+00   -0.1413906E-02    0.7680469E-03   -0.1433236E-03    0.2021699E+05    0.1869554E-06
    1    0.2759757E+00    0.8721733E+00    0.2196576E+00    0.8384019E-04   -0.1147060E-02    0.5744710E-03    0.1280462E+05   -0.1323904E-06
    2    0.1868484E+00    0.8338060E+00    0.7513790E+00   -0.2035722E-03   -0.9205482E-03    0.1090378E-02    0.1609705E+05    0.7636598E-06
    1    0.7300933E+00    0.6997200E+00    0.4110389E+00   -0.2135722E-03    0.6237515E-03    0.3343527E-03    0.4233650E+04   -0.9949996E-07
    2    0.4505960E+00    0.9226715E-01    0.9721004E+00   -0.1621991E-03    0.9220079E-03    0.1586932E-03    0.6984856E+04   -0.8982425E-06
    1    0.9471711E+00    0.7571896E+00    0.9715895E+00   -0.7084634E-04   -0.1104262E-02    0.3664838E-03    0.1052639E+05   -0.1127294E-06
        10        10        10
  0.00000000E+00  0.00000000E+00  0.00000000E+00
  7.52994233E+00  0.00000000E+00  0.00000000E+00
  0.00000000E+00  7.52994233E+00  0.00000000E+00
  0.00000000E+00  0.00000000E+00  7.52994233E+00
  3.00000012E-02
  6.00000024E-02
  1.10000007E-01
  1.80000007E-01
  2.70000011E-01
  3.80000025E-01
  5.09999990E-01
  6.60000026E-01
  8.29999924E-01
  1.01999998E+00
  6.00000061E-02
  9.00000036E-02
  1.40000015E-01
  2.10000008E-01
  3.00000012E-01
  4.10000026E-01
  5.39999962E-01
  6.90000057E-01
  8.59999955E-01
  1.04999995E+00
  1.09999999E-01
  1.40000001E-01
  1.89999998E-01
  2.60000020E-01
  3.49999994E-01
  4.60000008E-01
  5.89999974E-01
  7.40000069E-01
  9.09999967E-01
  1.10000002E+00
  1.80000022E-01
  2.10000023E-01
  2.60000020E-01
  3.30000043E-01
  4.20000017E-01
  5.30000031E-01
  6.59999967E-01
  8.10000062E-01
  9.79999959E-01
  1.17000008E+00
  2.69999981E-01
  2.99999982E-01
  3.49999994E-01
  4.20000017E-01
  5.09999990E-01
  6.20000005E-01
  7.50000000E-01
  9.00000036E-01
  1.06999993E+00
  1.25999999E+00
  3.79999995E-01
  4.09999996E-01
  4.60000008E-01
  5.30000031E-01
  6.20000005E-01
  7.30000019E-01
  8.60000014E-01
  1.00999999E+00
  1.17999995E+00
  1.37000000E+00
  5.09999990E-01
  5.39999962E-01
  5.89999974E-01
  6.59999967E-01
  7.50000000E-01
  8.60000014E-01
  9.89999950E-01
  1.13999999E+00
  1.30999994E+00
  1.50000000E+00
  6.60000026E-01
  6.90000057E-01
  7.40000010E-01
  8.10000062E-01
  9.00000036E-01
  1.00999999E+00
  1.13999999E+00
  1.29000008E+00
  1.46000004E+00
  1.65000010E+00
  8.29999924E-01
  8.59999955E-01
  9.09999967E-01
  9.79999959E-01
  1.06999993E+00
  1.17999995E+00
  1.30999994E+00
  1.46000004E+00
  1.62999988E+00
  1.81999993E+00
  1.01999998E+00
  1.04999995E+00
  1.10000002E+00
  1.16999996E+00
  1.25999999E+00
  1.37000000E+00
  1.50000000E+00
  1.65000010E+00
  1.81999993E+00
  2.00999999E+00
  6.00000061E-02
  9.00000036E-02
  1.40000015E-01
  2.10000008E-01
  3.00000012E-01
  4.10000026E-01
  5.39999962E-01
  6.90000057E-01
  8.59999955E-01
  1.04999995E+00
  9.00000036E-02
  1.20000005E-01
  1.70000017E-01
  2.40000010E-01
  3.30000013E-01
  4.40000027E-01
  5.69999993E-01
  7.20000029E-01
  8.89999926E-01
  1.08000004E+00
  1.40000015E-01
  1.70000017E-01
  2.20000014E-01
  2.90000021E-01
  3.79999995E-01
  4.90000010E-01
  6.20000005E-01
  7.70000041E-01
  9.39999938E-01
  1.13000000E+00
  2.10000023E-01
  2.40000024E-01
  2.90000021E-01
  3.60000014E-01
  4.50000018E-01
  5.60000062E-01
  6.89999998E-01
  8.40000033E-01
  1.00999999E+00
  1.20000005E+00
  2.99999982E-01
  3.29999983E-01
  3.79999995E-01
  4.49999988E-01
  5.39999962E-01
  6.49999976E-01
  7.79999971E-01
  9.30000067E-01
  1.09999990E+00
  1.28999996E+00
  4.09999996E-01
  4.39999998E-01
  4.90000010E-01
  5.60000002E-01
  6.49999976E-01
  7.59999990E-01
  8.89999986E-01
  1.04000008E+00
  1.20999992E+00
  1.39999998E+00
  5.39999962E-01
  5.69999993E-01
  6.20000005E-01
  6.89999998E-01
  7.79999971E-01
  8.89999986E-01
  1.01999998E+00
  1.17000008E+00
  1.33999991E+00
  1.52999997E+00
  6.90000057E-01
  7.20000088E-01
  7.70000100E-01
  8.40000093E-01
  9.30000067E-01
  1.04000008E+00
  1.17000008E+00
  1.32000017E+00
  1.49000001E+00
  1.68000007E+00
  8.59999955E-01
  8.89999986E-01
  9.39999938E-01
  1.00999999E+00
  1.09999990E+00
  1.21000004E+00
  1.33999991E+00
  1.49000001E+00
  1.65999985E+00
  1.84999990E+00
  1.04999995E+00
  1.07999992E+00
  1.13000000E+00
  1.19999993E+00
  1.28999996E+00
  1.39999998E+00
  1.52999997E+00
  1.68000007E+00
  1.84999990E+00
  2.03999996E+00
  1.09999999E-01
  1.40000001E-01
  1.89999998E-01
  2.60000020E-01
  3.49999994E-01
  4.60000008E-01
  5.89999974E-01
  7.40000069E-01
  9.09999967E-01
  1.10000002E+00
  1.40000015E-01
  1.70000017E-01
  2.20000014E-01
  2.90000021E-01
  3.79999995E-01
  4.90000010E-01
  6.20000005E-01
  7.70000041E-01
  9.39999938E-01
  1.13000000E+00
  1.90000013E-01
  2.20000014E-01
  2.70000011E-01
  3.40000033E-01
  4.30000007E-01
  5.40000021E-01
  6.69999957E-01
  8.20000052E-01
  9.89999950E-01
  1.18000007E+00
  2.59999990E-01
  2.89999992E-01
  3.40000004E-01
  4.10000026E-01
  5.00000000E-01
  6.10000014E-01
  7.40000010E-01
  8.90000045E-01
  1.05999994E+00
  1.25000000E+00
  3.49999994E-01
  3.79999995E-01
  4.30000007E-01
  5.00000000E-01
  5.90000033E-01
  7.00000048E-01
  8.29999983E-01
  9.80000019E-01
  1.14999998E+00
  1.34000003E+00
  4.60000008E-01
  4.90000010E-01
  5.40000021E-01
  6.10000014E-01
  7.00000048E-01
  8.10000062E-01
  9.39999998E-01
  1.09000003E+00
  1.25999999E+00
  1.45000005E+00
  5.89999974E-01
  6.20000005E-01
  6.69999957E-01
  7.40000010E-01
  8.29999983E-01
  9.39999998E-01
  1.06999993E+00
  1.22000003E+00
  1.38999987E+00
  1.57999992E+00
  7.40000010E-01
  7.70000041E-01
  8.20000052E-01
  8.90000045E-01
  9.80000019E-01
  1.09000003E+00
  1.22000003E+00
  1.37000012E+00
  1.53999996E+00
  1.73000002E+00
  9.09999967E-01
  9.39999998E-01
  9.90000010E-01
  1.05999994E+00
  1.14999998E+00
  1.25999999E+00
  1.38999999E+00
  1.53999996E+00
  1.70999992E+00
  1.89999998E+00
  1.10000002E+00
  1.13000000E+00
  1.18000007E+00
  1.25000000E+00
  1.34000003E+00
  1.45000005E+00
  1.58000004E+00
  1.73000002E+00
  1.89999998E+00
  2.09000015E+00
  1.80000022E-01
  2.10000023E-01
  2.60000020E-01
  3.30000043E-01
  4.20000017E-01
  5.30000031E-01
  6.59999967E-01
  8.10000062E-01
  9.79999959E-01
  1.17000008E+00
  2.10000023E-01
  2.40000024E-01
  2.90000021E-01
  3.60000014E-01
  4.50000018E-01
  5.60000062E-01
  6.89999998E-01
  8.40000033E-01
  1.00999999E+00
  1.20000005E+00
  2.59999990E-01
  2.89999992E-01
  3.40000004E-01
  4.10000026E-01
  5.00000000E-01
  6.10000014E-01
  7.40000010E-01
  8.90000045E-01
  1.05999994E+00
  1.25000000E+00
  3.30000013E-01
  3.60000014E-01
  4.10000026E-01
  4.80000019E-01
  5.70000052E-01
  6.80000067E-01
  8.10000002E-01
  9.60000038E-01
  1.13000000E+00
  1.32000005E+00
  4.20000017E-01
  4.50000018E-01
  5.00000000E-01
  5.70000052E-01
  6.60000026E-01
  7.70000041E-01
  8.99999976E-01
  1.05000007E+00
  1.22000003E+00
  1.41000009E+00
  5.30000031E-01
  5.60000062E-01
  6.10000014E-01
  6.80000067E-01
  7.70000041E-01
  8.80000055E-01
  1.00999999E+00
  1.16000009E+00
  1.32999992E+00
  1.51999998E+00
  6.59999967E-01
  6.89999998E-01
  7.40000010E-01
  8.10000002E-01
  8.99999976E-01
  1.00999999E+00
  1.13999999E+00
  1.28999996E+00
  1.45999992E+00
  1.64999998E+00
  8.10000062E-01
  8.40000093E-01
  8.90000105E-01
  9.60000098E-01
  1.05000007E+00
  1.16000009E+00
  1.29000008E+00
  1.44000006E+00
  1.61000001E+00
  1.80000007E+00
  9.79999959E-01
  1.00999999E+00
  1.05999994E+00
  1.13000000E+00
  1.22000003E+00
  1.32999992E+00
  1.45999992E+00
  1.61000001E+00
  1.77999997E+00
  1.97000003E+00
  1.16999996E+00
  1.19999993E+00
  1.25000000E+00
  1.31999993E+00
  1.40999997E+00
  1.51999998E+00
  1.64999998E+00
  1.79999995E+00
  1.96999991E+00
  2.15999985E+00
  2.69999981E-01
  2.99999982E-01
  3.49999994E-01
  4.20000017E-01
  5.09999990E-01
  6.20000005E-01
  7.50000000E-01
  9.00000036E-01
  1.06999993E+00
  1.25999999E+00
  2.99999982E-01
  3.29999983E-01
  3.79999995E-01
  4.49999988E-01
  5.39999962E-01
  6.49999976E-01
  7.79999971E-01
  9.30000067E-01
  1.09999990E+00
  1.28999996E+00
  3.49999994E-01
  3.79999995E-01
  4.30000007E-01
  5.00000000E-01
  5.90000033E-01
  7.00000048E-01
  8.29999983E-01
  9.80000019E-01
  1.14999998E+00
  1.34000003E+00
  4.20000017E-01
  4.50000018E-01
  5.00000000E-01
  5.70000052E-01
  6.60000026E-01
  7.70000041E-01
  8.99999976E-01
  1.05000007E+00
  1.22000003E+00
  1.41000009E+00
  5.09999990E-01
  5.40000021E-01
  5.90000033E-01
  6.60000026E-01
  7.50000000E-01
  8.60000014E-01
  9.90000010E-01
  1.14000010E+00
  1.30999994E+00
  1.50000000E+00
  6.20000005E-01
  6.50000036E-01
  7.00000048E-01
  7.70000041E-01
  8.60000014E-01
  9.70000029E-01
  1.10000002E+00
  1.25000000E+00
  1.41999996E+00
  1.61000001E+00
  7.50000000E-01
  7.80000031E-01
  8.30000043E-01
  9.00000036E-01
  9.90000010E-01
  1.10000002E+00
  1.23000002E+00
  1.38000011E+00
  1.54999995E+00
  1.74000001E+00
  9.00000036E-01
  9.30000067E-01
  9.80000019E-01
  1.05000007E+00
  1.14000010E+00
  1.25000000E+00
  1.38000000E+00
  1.53000009E+00
  1.70000005E+00
  1.89000010E+00
  1.06999993E+00
  1.09999990E+00
  1.14999998E+00
  1.21999991E+00
  1.30999994E+00
  1.41999996E+00
  1.54999995E+00
  1.70000005E+00
  1.86999989E+00
  2.05999994E+00
  1.25999999E+00
  1.28999996E+00
  1.34000003E+00
  1.40999997E+00
  1.50000000E+00
  1.61000001E+00
  1.74000001E+00
  1.89000010E+00
  2.05999994E+00
  2.25000000E+00
  3.79999995E-01
  4.09999996E-01
  4.60000008E-01
  5.30000031E-01
  6.20000005E-01
  7.30000019E-01
  8.60000014E-01
  1.00999999E+00
  1.17999995E+00
  1.37000000E+00
  4.09999996E-01
  4.39999998E-01
  4.90000010E-01
  5.60000002E-01
  6.49999976E-01
  7.59999990E-01
  8.89999986E-01
  1.04000008E+00
  1.20999992E+00
  1.39999998E+00
  4.60000008E-01
  4.90000010E-01
  5.40000021E-01
  6.10000014E-01
  7.00000048E-01
  8.10000062E-01
  9.39999998E-01
  1.09000003E+00
  1.25999999E+00
  1.45000005E+00
  5.30000031E-01
  5.60000062E-01
  6.10000014E-01
  6.80000067E-01
  7.70000041E-01
  8.80000055E-01
  1.00999999E+00
  1.16000009E+00
  1.32999992E+00
  1.51999998E+00
  6.20000005E-01
  6.50000036E-01
  7.00000048E-01
  7.70000041E-01
  8.60000014E-01
  9.70000029E-01
  1.10000002E+00
  1.25000000E+00
  1.41999996E+00
  1.61000001E+00
  7.30000019E-01
  7.60000050E-01
  8.10000062E-01
  8.80000055E-01
  9.70000029E-01
  1.08000004E+00
  1.21000004E+00
  1.36000013E+00
  1.52999997E+00
  1.72000003E+00
  8.60000014E-01
  8.90000045E-01
  9.40000057E-01
  1.00999999E+00
  1.10000002E+00
  1.21000004E+00
  1.34000003E+00
  1.49000001E+00
  1.65999997E+00
  1.85000002E+00
  1.00999999E+00
  1.03999996E+00
  1.09000003E+00
  1.15999997E+00
  1.25000000E+00
  1.36000001E+00
  1.49000001E+00
  1.64000010E+00
  1.80999994E+00
  2.00000000E+00
  1.17999995E+00
  1.20999992E+00
  1.25999999E+00
  1.32999992E+00
  1.41999996E+00
  1.52999997E+00
  1.65999997E+00
  1.80999994E+00
  1.97999990E+00
  2.17000008E+00
  1.37000000E+00
  1.39999998E+00
  1.45000005E+00
  1.51999998E+00
  1.61000001E+00
  1.72000003E+00
  1.85000002E+00
  2.00000000E+00
  2.17000008E+00
  2.36000013E+00
  5.09999990E-01
  5.39999962E-01
  5.89999974E-01
  6.59999967E-01
  7.50000000E-01
  8.60000014E-01
  9.89999950E-01
  1.13999999E+00
  1.30999994E+00
  1.50000000E+00
  5.39999962E-01
  5.69999993E-01
  6.20000005E-01
  6.89999998E-01
  7.79999971E-01
  8.89999986E-01
  1.01999998E+00
  1.17000008E+00
  1.33999991E+00
  1.52999997E+00
  5.89999974E-01
  6.20000005E-01
  6.69999957E-01
  7.40000010E-01
  8.29999983E-01
  9.39999998E-01
  1.06999993E+00
  1.22000003E+00
  1.38999987E+00
  1.57999992E+00
  6.59999967E-01
  6.89999998E-01
  7.40000010E-01
  8.10000002E-01
  8.99999976E-01
  1.00999999E+00
  1.13999999E+00
  1.28999996E+00
  1.45999992E+00
  1.64999998E+00
  7.50000000E-01
  7.80000031E-01
  8.30000043E-01
  9.00000036E-01
  9.90000010E-01
  1.10000002E+00
  1.23000002E+00
  1.38000011E+00
  1.54999995E+00
  1.74000001E+00
  8.60000014E-01
  8.90000045E-01
  9.40000057E-01
  1.00999999E+00
  1.10000002E+00
  1.21000004E+00
  1.34000003E+00
  1.49000001E+00
  1.65999997E+00
  1.85000002E+00
  9.89999950E-01
  1.01999998E+00
  1.06999993E+00
  1.13999999E+00
  1.23000002E+00
  1.33999991E+00
  1.46999991E+00
  1.62000000E+00
  1.78999996E+00
  1.98000002E+00
  1.13999999E+00
  1.16999996E+00
  1.22000003E+00
  1.28999996E+00
  1.38000000E+00
  1.49000001E+00
  1.62000000E+00
  1.76999998E+00
  1.93999994E+00
  2.13000011E+00
  1.30999994E+00
  1.33999991E+00
  1.38999999E+00
  1.45999992E+00
  1.54999995E+00
  1.65999997E+00
  1.78999996E+00
  1.94000006E+00
  2.10999990E+00
  2.29999995E+00
  1.50000000E+00
  1.52999997E+00
  1.58000004E+00
  1.64999998E+00
  1.74000001E+00
  1.85000002E+00
  1.98000002E+00
  2.13000011E+00
  2.29999995E+00
  2.49000001E+00
  6.60000026E-01
  6.90000057E-01
  7.40000010E-01
  8.10000062E-01
  9.00000036E-01
  1.00999999E+00
  1.13999999E+00
  1.29000008E+00
  1.46000004E+00
  1.65000010E+00
  6.90000057E-01
  7.20000088E-01
  7.70000100E-01
  8.40000093E-01
  9.30000067E-01
  1.04000008E+00
  1.17000008E+00
  1.32000017E+00
  1.49000001E+00
  1.68000007E+00
  7.40000010E-01
  7.70000041E-01
  8.20000052E-01
  8.90000045E-01
  9.80000019E-01
  1.09000003E+00
  1.22000003E+00
  1.37000012E+00
  1.53999996E+00
  1.73000002E+00
  8.10000062E-01
  8.40000093E-01
  8.90000105E-01
  9.60000098E-01
  1.05000007E+00
  1.16000009E+00
  1.29000008E+00
  1.44000006E+00
  1.61000001E+00
  1.80000007E+00
  9.00000036E-01
  9.30000067E-01
  9.80000019E-01
  1.05000007E+00
  1.14000010E+00
  1.25000000E+00
  1.38000000E+00
  1.53000009E+00
  1.70000005E+00
  1.89000010E+00
  1.00999999E+00
  1.03999996E+00
  1.09000003E+00
  1.15999997E+00
  1.25000000E+00
  1.36000001E+00
  1.49000001E+00
  1.64000010E+00
  1.80999994E+00
  2.00000000E+00
  1.13999999E+00
  1.16999996E+00
  1.22000003E+00
  1.28999996E+00
  1.38000000E+00
  1.49000001E+00
  1.62000000E+00
  1.76999998E+00
  1.93999994E+00
  2.13000011E+00
  1.29000008E+00
  1.32000005E+00
  1.37000012E+00
  1.44000006E+00
  1.53000009E+00
  1.64000010E+00
  1.77000010E+00
  1.92000008E+00
  2.09000015E+00
  2.28000021E+00
  1.46000004E+00
  1.49000001E+00
  1.54000008E+00
  1.61000001E+00
  1.70000005E+00
  1.81000006E+00
  1.94000006E+00
  2.09000015E+00
  2.25999999E+00
  2.45000005E+00
  1.65000010E+00
  1.68000007E+00
  1.73000014E+00
  1.80000007E+00
  1.89000010E+00
  2.00000000E+00
  2.13000011E+00
  2.28000021E+00
  2.45000005E+00
  2.64000010E+00
  8.29999924E-01
  8.59999955E-01
  9.09999967E-01
  9.79999959E-01
  1.06999993E+00
  1.17999995E+00
  1.30999994E+00
  1.46000004E+00
  1.62999988E+00
  1.81999993E+00
  8.59999955E-01
  8.89999986E-01
  9.39999938E-01
  1.00999999E+00
  1.09999990E+00
  1.21000004E+00
  1.33999991E+00
  1.49000001E+00
  1.65999985E+00
  1.84999990E+00
  9.09999967E-01
  9.39999998E-01
  9.90000010E-01
  1.05999994E+00
  1.14999998E+00
  1.25999999E+00
  1.38999999E+00
  1.53999996E+00
  1.70999992E+00
  1.89999998E+00
  9.79999959E-01
  1.00999999E+00
  1.05999994E+00
  1.13000000E+00
  1.22000003E+00
  1.32999992E+00
  1.45999992E+00
  1.61000001E+00
  1.77999997E+00
  1.97000003E+00
  1.06999993E+00
  1.09999990E+00
  1.14999998E+00
  1.21999991E+00
  1.30999994E+00
  1.41999996E+00
  1.54999995E+00
  1.70000005E+00
  1.86999989E+00
  2.05999994E+00
  1.17999995E+00
  1.20999992E+00
  1.25999999E+00
  1.32999992E+00
  1.41999996E+00
  1.52999997E+00
  1.65999997E+00
  1.80999994E+00
  1.97999990E+00
  2.17000008E+00
  1.30999994E+00
  1.33999991E+00
  1.38999999E+00
  1.45999992E+00
  1.54999995E+00
  1.65999997E+00
  1.78999996E+00
  1.94000006E+00
  2.10999990E+00
  2.29999995E+00
  1.46000004E+00
  1.49000001E+00
  1.54000008E+00
  1.61000001E+00
  1.70000005E+00
  1.81000006E+00
  1.94000006E+00
  2.09000015E+00
  2.25999999E+00
  2.45000005E+00
  1.62999988E+00
  1.65999985E+00
  1.70999992E+00
  1.77999985E+00
  1.86999989E+00
  1.97999990E+00
  2.10999990E+00
  2.25999999E+00
  2.42999983E+00
  2.61999989E+00
  1.81999993E+00
  1.84999990E+00
  1.89999998E+00
  1.96999991E+00
  2.05999994E+00
  2.17000008E+00
  2.29999995E+00
  2.45000005E+00
  2.61999989E+00
  2.80999994E+00
  1.01999998E+00
  1.04999995E+00
  1.10000002E+00
  1.16999996E+00
  1.25999999E+00
  1.37000000E+00
  1.50000000E+00
  1.65000010E+00
  1.81999993E+00
  2.00999999E+00
  1.04999995E+00
  1.07999992E+00
  1.13000000E+00
  1.19999993E+00
  1.28999996E+00
  1.39999998E+00
  1.52999997E+00
  1.68000007E+00
  1.84999990E+00
  2.03999996E+00
  1.10000002E+00
  1.13000000E+00
  1.18000007E+00
  1.25000000E+00
  1.34000003E+00
  1.45000005E+00
  1.58000004E+00
  1.73000002E+00
  1.89999998E+00
  2.09000015E+00
  1.16999996E+00
  1.19999993E+00
  1.25000000E+00
  1.31999993E+00
  1.40999997E+00
  1.51999998E+00
  1.64999998E+00
  1.79999995E+00
  1.96999991E+00
  2.15999985E+00
  1.25999999E+00
  1.28999996E+00
  1.34000003E+00
  1.40999997E+00
  1.50000000E+00
  1.61000001E+00
  1.74000001E+00
  1.89000010E+00
  2.05999994E+00
  2.25000000E+00
  1.37000000E+00
  1.39999998E+00
  1.45000005E+00
  1.51999998E+00
  1.61000001E+00
  1.72000003E+00
  1.85000002E+00
  2.00000000E+00
  2.17000008E+00
  2.36000013E+00
  1.50000000E+00
  1.52999997E+00
  1.58000004E+00
  1.64999998E+00
  1.74000001E+00
  1.85000002E+00
  1.98000002E+00
  2.13000011E+00
  2.29999995E+00
  2.49000001E+00
  1.65000010E+00
  1.68000007E+00
  1.73000014E+00
  1.80000007E+00
  1.89000010E+00
  2.00000000E+00
  2.13000011E+00
  2.28000021E+00
  2.45000005E+00
  2.64000010E+00
  1.81999993E+00
  1.84999990E+00
  1.89999998E+00
  1.96999991E+00
  2.05999994E+00
  2.17000008E+00
  2.29999995E+00
  2.45000005E+00
  2.61999989E+00
  2.80999994E+00
  2.00999999E+00
  2.03999996E+00
  2.08999991E+00
  2.16000009E+00
  2.25000000E+00
  2.36000013E+00
  2.49000001E+00
  2.64000010E+00
  2.80999994E+00
  3.00000000E+00
        10        10        10
  1.50598847E+01  1.50598847E+01  1.50598847E+01
  7.52994233E+00  0.00000000E+00  0.00000000E+00
  0.00000000E+00  7.52994233E+00  0.00000000E+00
  0.00000000E+00  0.00000000E+00  7.52994233E+00
  3.00000012E-02
  6.00000024E-02
  1.10000007E-01
  1.80000007E-01
  2.70000011E-01
  3.80000025E-01
  5.09999990E-01
  6.60000026E-01
  8.29999924E-01
  1.01999998E+00
  6.00000061E-02
  9.00000036E-02
  1.40000015E-01
  2.10000008E-01
  3.00000012E-01
  4.10000026E-01
  5.39999962E-01
  6.90000057E-01
  8.59999955E-01
  1.04999995E+00
  1.09999999E-01
  1.40000001E-01
  1.89999998E-01
  2.60000020E-01
  3.49999994E-01
  4.60000008E-01
  5.89999974E-01
  7.40000069E-01
  9.09999967E-01
  1.10000002E+00
  1.80000022E-01
  2.10000023E-01
  2.60000020E-01
  3.30000043E-01
  4.20000017E-01
  5.30000031E-01
  6.59999967E-01
  8.10000062E-01
  9.79999959E-01
  1.17000008E+00
  2.69999981E-01
  2.99999982E-01
  3.49999994E-01
  4.20000017E-01
  5.09999990E-01
  6.20000005E-01
  7.50000000E-01
  9.00000036E-01
  1.06999993E+00
  1.25999999E+00
  3.79999995E-01
  4.09999996E-01
  4.60000008E-01
  5.30000031E-01
  6.20000005E-01
  7.30000019E-01
  8.60000014E-01
  1.00999999E+00
  1.17999995E+00
  1.37000000E+00
  5.09999990E-01
  5.39999962E-01
  5.89999974E-01
  6.59999967E-01
  7.50000000E-01
  8.60000014E-01
  9.89999950E-01
  1.13999999E+00
  1.30999994E+00
  1.50000000E+00
  6.60000026E-01
  6.90000057E-01
  7.40000010E-01
  8.10000062E-01
  9.00000036E-01
  1.00999999E+00
  1.13999999E+00
  1.29000008E+00
  1.46000004E+00
  1.65000010E+00
  8.29999924E-01
  8.59999955E-01
  9.09999967E-01
  9.79999959E-01
  1.06999993E+00
  1.17999995E+00
  1.30999994E+00
  1.46000004E+00
  1.62999988E+00
  1.81999993E+00
  1.01999998E+00
  1.04999995E+00
  1.10000002E+00
  1.16999996E+00
  1.25999999E+00
  1.37000000E+00
  1.50000000E+00
  1.65000010E+00
  1.81999993E+00
  2.00999999E+00
  6.00000061E-02
  9.00000036E-02
  1.40000015E-01
  2.10000008E-01
  3.00000012E-01
  4.10000026E-01
  5.39999962E-01
  6.90000057E-01
  8.59999955E-01
  1.04999995E+00
  9.00000036E-02
  1.20000005E-01
  1.70000017E-01
  2.40000010E-01
  3.30000013E-01
  4.40000027E-01
  5.69999993E-01
  7.20000029E-01
  8.89999926E-01
  1.08000004E+00
  1.40000015E-01
  1.70000017E-01
  2.20000014E-01
  2.90000021E-01
  3.79999995E-01
  4.90000010E-01
  6.20000005E-01
  7.70000041E-01
  9.39999938E-01
  1.13000000E+00
  2.10000023E-01
  2.40000024E-01
  2.90000021E-01
  3.60000014E-01
  4.50000018E-01
  5.60000062E-01
  6.89999998E-01
  8.40000033E-01
  1.00999999E+00
  1.20000005E+00
  2.99999982E-01
  3.29999983E-01
  3.79999995E-01
  4.49999988E-01
  5.39999962E-01
  6.49999976E-01
  7.79999971E-01
  9.30000067E-01
  1.09999990E+00
  1.28999996E+00
  4.09999996E-01
  4.39999998E-01
  4.90000010E-01
  5.60000002E-01
  6.49999976E-01
  7.59999990E-01
  8.89999986E-01
  1.04000008E+00
  1.20999992E+00
  1.39999998E+00
  5.39999962E-01
  5.69999993E-01
  6.20000005E-01
  6.89999998E-01
  7.79999971E-01
  8.89999986E-01
  1.01999998E+00
  1.17000008E+00
  1.33999991E+00
  1.52999997E+00
  6.90000057E-01
  7.20000088E-01
  7.70000100E-01
  8.40000093E-01
  9.30000067E-01
  1.04000008E+00
  1.17000008E+00
  1.32000017E+00
  1.49000001E+00
  1.68000007E+00
  8.59999955E-01
  8.89999986E-01
  9.39999938E-01
  1.00999999E+00
  1.09999990E+00
  1.21000004E+00
  1.33999991E+00
  1.49000001E+00
  1.65999985E+00
  1.84999990E+00
  1.04999995E+00
  1.07999992E+00
  1.13000000E+00
  1.19999993E+00
  1.28999996E+00
  1.39999998E+00
  1.52999997E+00
  1.68000007E+00
  1.84999990E+00
  2.03999996E+00
  1.09999999E-01
  1.40000001E-01
  1.89999998E-01
  2.60000020E-01
  3.49999994E-01
  4.60000008E-01
  5.89999974E-01
  7.40000069E-01
  9.09999967E-01
  1.10000002E+00
  1.40000015E-01
  1.70000017E-01
  2.20000014E-01
  2.90000021E-01
  3.79999995E-01
  4.90000010E-01
  6.20000005E-01
  7.70000041E-01
  9.39999938E-01
  1.13000000E+00
  1.90000013E-01
  2.20000014E-01
  2.70000011E-01
  3.40000033E-01
  4.30000007E-01
  5.40000021E-01
  6.69999957E-01
  8.20000052E-01
  9.89999950E-01
  1.18000007E+00
  2.59999990E-01
  2.89999992E-01
  3.40000004E-01
  4.10000026E-01
  5.00000000E-01
  6.10000014E-01
  7.40000010E-01
  8.90000045E-01
  1.05999994E+00
  1.25000000E+00
  3.49999994E-01
  3.79999995E-01
  4.30000007E-01
  5.00000000E-01
  5.90000033E-01
  7.00000048E-01
  8.29999983E-01
  9.80000019E-01
  1.14999998E+00
  1.34000003E+00
  4.60000008E-01
  4.90000010E-01
  5.40000021E-01
  6.10000014E-01
  7.00000048E-01
  8.10000062E-01
  9.39999998E-01
  1.09000003E+00
  1.25999999E+00
  1.45000005E+00
  5.89999974E-01
  6.20000005E-01
  6.69999957E-01
  7.40000010E-01
  8.29999983E-01
  9.39999998E-01
  1.06999993E+00
  1.22000003E+00
  1.38999987E+00
  1.57999992E+00
  7.40000010E-01
  7.70000041E-01
  8.20000052E-01
  8.90000045E-01
  9.80000019E-01
  1.09000003E+00
  1.22000003E+00
  1.37000012E+00
  1.53999996E+00
  1.73000002E+00
  9.09999967E-01
  9.39999998E-01
  9.90000010E-01
  1.05999994E+00
  1.14999998E+00
  1.25999999E+00
  1.38999999E+00
  1.53999996E+00
  1.70999992E+00
  1.89999998E+00
  1.10000002E+00
  1.13000000E+00
  1.18000007E+00
  1.25000000E+00
  1.34000003E+00
  1.45000005E+00
  1.58000004E+00
  1.73000002E+00
  1.89999998E+00
  2.09000015E+00
  1.80000022E-01
  2.10000023E-01
  2.60000020E-01
  3.30000043E-01
  4.20000017E-01
  5.30000031E-01
  6.59999967E-01
  8.10000062E-01
  9.79999959E-01
  1.17000008E+00
  2.10000023E-01
  2.40000024E-01
  2.90000021E-01
  3.60000014E-01
  4.50000018E-01
  5.60000062E-01
  6.89999998E-01
  8.40000033E-01
  1.00999999E+00
  1.20000005E+00
  2.59999990E-01
  2.89999992E-01
  3.40000004E-01
  4.10000026E-01
  5.00000000E-01
  6.10000014E-01
  7.40000010E-01
  8.90000045E-01
  1.05999994E+00
  1.25000000E+00
  3.30000013E-01
  3.60000014E-01
  4.10000026E-01
  4.80000019E-01
  5.70000052E-01
  6.80000067E-01
  8.10000002E-01
  9.60000038E-01
  1.13000000E+00
  1.32000005E+00
  4.20000017E-01
  4.50000018E-01
  5.00000000E-01
  5.70000052E-01
  6.60000026E-01
  7.70000041E-01
  8.99999976E-01
  1.05000007E+00
  1.22000003E+00
  1.41000009E+00
  5.30000031E-01
  5.60000062E-01
  6.10000014E-01
  6.80000067E-01
  7.70000041E-01
  8.80000055E-01
  1.00999999E+00
  1.16000009E+00
  1.32999992E+00
  1.51999998E+00
  6.59999967E-01
  6.89999998E-01
  7.40000010E-01
  8.10000002E-01
  8.99999976E-01
  1.00999999E+00
  1.13999999E+00
  1.28999996E+00
  1.45999992E+00
  1.64999998E+00
  8.10000062E-01
  8.40000093E-01
  8.90000105E-01
  9.60000098E-01
  1.05000007E+00
  1.16000009E+00
  1.29000008E+00
  1.44000006E+00
  1.61000001E+00
  1.80000007E+00
  9.79999959E-01
  1.00999999E+00
  1.05999994E+00
  1.13000000E+00
  1.22000003E+00
  1.32999992E+00
  1.45999992E+00
  1.61000001E+00
  1.77999997E+00
  1.97000003E+00
  1.16999996E+00
  1.19999993E+00
  1.25000000E+00
  1.31999993E+00
  1.40999997E+00
  1.51999998E+00
  1.64999998E+00
  1.79999995E+00
  1.96999991E+00
  2.15999985E+00
  2.69999981E-01
  2.99999982E-01
  3.49999994E-01
  4.20000017E-01
  5.09999990E-01
  6.20000005E-01
  7.50000000E-01
  9.00000036E-01
  1.06999993E+00
  1.25999999E+00
  2.99999982E-01
  3.29999983E-01
  3.79999995E-01
  4.49999988E-01
  5.39999962E-01
  6.49999976E-01
  7.79999971E-01
  9.30000067E-01
  1.09999990E+00
  1.28999996E+00
  3.49999994E-01
  3.79999995E-01
  4.30000007E-01
  5.00000000E-01
  5.90000033E-01
  7.00000048E-01
  8.29999983E-01
  9.80000019E-01
  1.14999998E+00
  1.34000003E+00
  4.20000017E-01
  4.50000018E-01
  5.00000000E-01
  5.70000052E-01
  6.60000026E-01
  7.70000041E-01
  8.99999976E-01
  1.05000007E+00
  1.22000003E+00
  1.41000009E+00
  5.09999990E-01
  5.40000021E-01
  5.90000033E-01
  6.60000026E-01
  7.50000000E-01
  8.60000014E-01
  9.90000010E-01
  1.14000010E+00
  1.30999994E+00
  1.50000000E+00
  6.20000005E-01
  6.50000036E-01
  7.00000048E-01
  7.70000041E-01
  8.60000014E-01
  9.70000029E-01
  1.10000002E+00
  1.25000000E+00
  1.41999996E+00
  1.61000001E+00
  7.50000000E-01
  7.80000031E-01
  8.30000043E-01
  9.00000036E-01
  9.90000010E-01
  1.10000002E+00
  1.23000002E+00
  1.38000011E+00
  1.54999995E+00
  1.74000001E+00
  9.00000036E-01
  9.30000067E-01
  9.80000019E-01
  1.05000007E+00
  1.14000010E+00
  1.25000000E+00
  1.38000000E+00
  1.53000009E+00
  1.70000005E+00
  1.89000010E+00
  1.06999993E+00
  1.09999990E+00
  1.14999998E+00
  1.21999991E+00
  1.30999994E+00
  1.41999996E+00
  1.54999995E+00
  1.70000005E+00
  1.86999989E+00
  2.05999994E+00
  1.25999999E+00
  1.28999996E+00
  1.34000003E+00
  1.40999997E+00
  1.50000000E+00
  1.61000001E+00
  1.74000001E+00
  1.89000010E+00
  2.05999994E+00
  2.25000000E+00
  3.79999995E-01
  4.09999996E-01
  4.60000008E-01
  5.30000031E-01
  6.20000005E-01
  7.30000019E-01
  8.60000014E-01
  1.00999999E+00
  1.17999995E+00
  1.37000000E+00
  4.09999996E-01
  4.39999998E-01
  4.90000010E-01
  5.60000002E-01
  6.49999976E-01
  7.59999990E-01
  8.89999986E-01
  1.04000008E+00
  1.20999992E+00
  1.39999998E+00
  4.60000008E-01
  4.90000010E-01
  5.40000021E-01
  6.10000014E-01
  7.00000048E-01
  8.10000062E-01
  9.39999998E-01
  1.09000003E+00
  1.25999999E+00
  1.45000005E+00
  5.30000031E-01
  5.60000062E-01
  6.10000014E-01
  6.80000067E-01
  7.70000041E-01
  8.80000055E-01
  1.00999999E+00
  1.16000009E+00
  1.32999992E+00
  1.51999998E+00
  6.20000005E-01
  6.50000036E-01
  7.00000048E-01
  7.70000041E-01
  8.60000014E-01
  9.70000029E-01
  1.10000002E+00
  1.25000000E+00
  1.41999996E+00
  1.61000001E+00
  7.30000019E-01
  7.60000050E-01
  8.10000062E-01
  8.80000055E-01
  9.70000029E-01
  1.08000004E+00
  1.21000004E+00
  1.36000013E+00
  1.52999997E+00
  1.72000003E+00
  8.60000014E-01
  8.90000045E-01
  9.40000057E-01
  1.00999999E+00
  1.10000002E+00
  1.21000004E+00
  1.34000003E+00
  1.49000001E+00
  1.65999997E+00
  1.85000002E+00
  1.00999999E+00
  1.03999996E+00
  1.09000003E+00
  1.15999997E+00
  1.25000000E+00
  1.36000001E+00
  1.49000001E+00
  1.64000010E+00
  1.80999994E+00
  2.00000000E+00
  1.17999995E+00
  1.20999992E+00
  1.25999999E+00
  1.32999992E+00
  1.41999996E+00
  1.52999997E+00
  1.65999997E+00
  1.80999994E+00
  1.97999990E+00
  2.17000008E+00
  1.37000000E+00
  1.39999998E+00
  1.45000005E+00
  1.51999998E+00
  1.61000001E+00
  1.72000003E+00
  1.85000002E+00
  2.00000000E+00
  2.17000008E+00
  2.36000013E+00
  5.09999990E-01
  5.39999962E-01
  5.89999974E-01
  6.59999967E-01
  7.50000000E-01
  8.60000014E-01
  9.89999950E-01
  1.13999999E+00
  1.30999994E+00
  1.50000000E+00
  5.39999962E-01
  5.69999993E-01
  6.20000005E-01
  6.89999998E-01
  7.79999971E-01
  8.89999986E-01
  1.01999998E+00
  1.17000008E+00
  1.33999991E+00
  1.52999997E+00
  5.89999974E-01
  6.20000005E-01
  6.69999957E-01
  7.40000010E-01
  8.29999983E-01
  9.39999998E-01
  1.06999993E+00
  1.22000003E+00
  1.38999987E+00
  1.57999992E+00
  6.59999967E-01
  6.89999998E-01
  7.40000010E-01
  8.10000002E-01
  8.99999976E-01
  1.00999999E+00
  1.13999999E+00
  1.28999996E+00
  1.45999992E+00
  1.64999998E+00
  7.50000000E-01
  7.80000031E-01
  8.30000043E-01
  9.00000036E-01
  9.90000010E-01
  1.10000002E+00
  1.23000002E+00
  1.38000011E+00
  1.54999995E+00
  1.74000001E+00
  8.60000014E-01
  8.90000045E-01
  9.40000057E-01
  1.00999999E+00
  1.10000002E+00
  1.21000004E+00
  1.34000003E+00
  1.49000001E+00
  1.65999997E+00
  1.85000002E+00
  9.89999950E-01
  1.01999998E+00
  1.06999993E+00
  1.13999999E+00
  1.23000002E+00
  1.33999991E+00
  1.46999991E+00
  1.62000000E+00
  1.78999996E+00
  1.98000002E+00
  1.13999999E+00
  1.16999996E+00
  1.22000003E+00
  1.28999996E+00
  1.38000000E+00
  1.49000001E+00
  1.62000000E+00
  1.76999998E+00
  1.93999994E+00
  2.13000011E+00
  1.30999994E+00
  1.33999991E+00
  1.38999999E+00
  1.45999992E+00
  1.54999995E+00
  1.65999997E+00
  1.78999996E+00
  1.94000006E+00
  2.10999990E+00
  2.29999995E+00
  1.50000000E+00
  1.52999997E+00
  1.58000004E+00
  1.64999998E+00
  1.74000001E+00
  1.85000002E+00
  1.98000002E+00
  2.13000011E+00
  2.29999995E+00
  2.49000001E+00
  6.60000026E-01
  6.90000057E-01
  7.40000010E-01
  8.10000062E-01
  9.00000036E-01
  1.00999999E+00
  1.13999999E+00
  1.29000008E+00
  1.46000004E+00
  1.65000010E+00
  6.90000057E-01
  7.20000088E-01
  7.70000100E-01
  8.40000093E-01
  9.30000067E-01
  1.04000008E+00
  1.17000008E+00
  1.32000017E+00
  1.49000001E+00
  1.68000007E+00
  7.40000010E-01
  7.70000041E-01
  8.20000052E-01
  8.90000045E-01
  9.80000019E-01
  1.09000003E+00
  1.22000003E+00
  1.37000012E+00
  1.53999996E+00
  1.73000002E+00
  8.10000062E-01
  8.40000093E-01
  8.90000105E-01
  9.60000098E-01
  1.05000007E+00
  1.16000009E+00
  1.29000008E+00
  1.44000006E+00
  1.61000001E+00
  1.80000007E+00
  9.00000036E-01
  9.30000067E-01
  9.80000019E-01
  1.05000007E+00
  1.14000010E+00
  1.25000000E+00
  1.38000000E+00
  1.53000009E+00
  1.70000005E+00
  1.89000010E+00
  1.00999999E+00
  1.03999996E+00
  1.09000003E+00
  1.15999997E+00
  1.25000000E+00
  1.36000001E+00
  1.49000001E+00
  1.64000010E+00
  1.80999994E+00
  2.00000000E+00
  1.13999999E+00
  1.16999996E+00
  1.22000003E+00
  1.28999996E+00
  1.38000000E+00
  1.49000001E+00
  1.62000000E+00
  1.76999998E+00
  1.93999994E+00
  2.13000011E+00
  1.29000008E+00
  1.32000005E+00
  1.37000012E+00
  1.44000006E+00
  1.53000009E+00
  1.64000010E+00
  1.77000010E+00
  1.92000008E+00
  2.09000015E+00
  2.28000021E+00
  1.46000004E+00
  1.49000001E+00
  1.54000008E+00
  1.61000001E+00
  1.70000005E+00
  1.81000006E+00
  1.94000006E+00
  2.09000015E+00
  2.25999999E+00
  2.45000005E+00
  1.65000010E+00
  1.68000007E+00
  1.73000014E+00
  1.80000007E+00
  1.89000010E+00
  2.00000000E+00
  2.13000011E+00
  2.28000021E+00
  2.45000005E+00
  2.64000010E+00
  8.29999924E-01
  8.59999955E-01
  9.09999967E-01
  9.79999959E-01
  1.06999993E+00
  1.17999995E+00
  1.30999994E+00
  1.46000004E+00
  1.62999988E+00
  1.81999993E+00
  8.59999955E-01
  8.89999986E-01
  9.39999938E-01
  1.00999999E+00
  1.09999990E+00
  1.21000004E+00
  1.33999991E+00
  1.49000001E+00
  1.65999985E+00
  1.84999990E+00
  9.09999967E-01
  9.39999998E-01
  9.90000010E-01
  1.05999994E+00
  1.14999998E+00
  1.25999999E+00
  1.38999999E+00
  1.53999996E+00
  1.70999992E+00
  1.89999998E+00
  9.79999959E-01
  1.00999999E+00
  1.05999994E+00
  1.13000000E+00
  1.22000003E+00
  1.32999992E+00
  1.45999992E+00
  1.61000001E+00
  1.77999997E+00
  1.97000003E+00
  1.06999993E+00
  1.09999990E+00
  1.14999998E+00
  1.21999991E+00
  1.30999994E+00
  1.41999996E+00
  1.54999995E+00
  1.70000005E+00
  1.86999989E+00
  2.05999994E+00
  1.17999995E+00
  1.20999992E+00
  1.25999999E+00
  1.32999992E+00
  1.41999996E+00
  1.52999997E+00
  1.65999997E+00
  1.80999994E+00
  1.97999990E+00
  2.17000008E+00
  1.30999994E+00
  1.33999991E+00
  1.38999999E+00
  1.45999992E+00
  1.54999995E+00
  1.65999997E+00
  1.78999996E+00
  1.94000006E+00
  2.10999990E+00
  2.29999995E+00
  1.46000004E+00
  1.49000001E+00
  1.54000008E+00
  1.61000001E+00
  1.70000005E+00
  1.81000006E+00
  1.94000006E+00
  2.09000015E+00
  2.25999999E+00
  2.45000005E+00
  1.62999988E+00
  1.65999985E+00
  1.70999992E+00
  1.77999985E+00
  1.86999989E+00
  1.97999990E+00
  2.10999990E+00
  2.25999999E+00
  2.42999983E+00
  2.61999989E+00
  1.81999993E+00
  1.84999990E+00
  1.89999998E+00
  1.96999991E+00
  2.05999994E+00
  2.17000008E+00
  2.29999995E+00
  2.45000005E+00
  2.61999989E+00
  2.80999994E+00
  1.01999998E+00
  1.04999995E+00
  1.10000002E+00
  1.16999996E+00
  1.25999999E+00
  1.37000000E+00
  1.50000000E+00
  1.65000010E+00
  1.81999993E+00
  2.00999999E+00
  1.04999995E+00
  1.07999992E+00
  1.13000000E+00
  1.19999993E+00
  1.28999996E+00
  1.39999998E+00
  1.52999997E+00
  1.68000007E+00
  1.84999990E+00
  2.03999996E+00
  1.10000002E+00
  1.13000000E+00
  1.18000007E+00
  1.25000000E+00
  1.34000003E+00
  1.45000005E+00
  1.58000004E+00
  1.73000002E+00
  1.89999998E+00
  2.09000015E+00
  1.16999996E+00
  1.19999993E+00
  1.25000000E+00
  1.31999993E+00
  1.40999997E+00
  1.51999998E+00
  1.64999998E+00
  1.79999995E+00
  1.96999991E+00
  2.15999985E+00
  1.25999999E+00
  1.28999996E+00
  1.34000003E+00
  1.40999997E+00
  1.50000000E+00
  1.61000001E+00
  1.74000001E+00
  1.89000010E+00
  2.05999994E+00
  2.25000000E+00
  1.37000000E+00
  1.39999998E+00
  1.45000005E+00
  1.51999998E+00
  1.61000001E+00
  1.72000003E+00
  1.85000002E+00
  2.00000000E+00
  2.17000008E+00
  2.36000013E+00
  1.50000000E+00
  1.52999997E+00
  1.58000004E+00
  1.64999998E+00
  1.74000001E+00
  1.85000002E+00
  1.98000002E+00
  2.13000011E+00
  2.29999995E+00
  2.49000001E+00
  1.65000010E+00
  1.68000007E+00
  1.73000014E+00
  1.80000007E+00
  1.89000010E+00
  2.00000000E+00
  2.13000011E+00
  2.28000021E+00
  2.45000005E+00
  2.64000010E+00
  1.81999993E+00
  1.84999990E+00
  1.89999998E+00
  1.96999991E+00
  2.05999994E+00
  2.17000008E+00
  2.29999995E+00
  2.45000005E+00
  2.61999989E+00
  2.80999994E+00
  2.00999999E+00
  2.03999996E+00
  2.08999991E+00
  2.16000009E+00
  2.25000000E+00
  2.36000013E+00
  2.49000001E+00
  2.64000010E+00
  2.80999994E+00
  3.00000000E+00
