       108         5         2      2000
  3.01197693E+01  0.00000000E+00  0.00000000E+00
  0.00000000E+00  3.01197693E+01  0.00000000E+00
  0.00000000E+00  0.00000000E+00  3.01197693E+01
    2    0.5850335E+00    0.2889358E+00    0.1049453E+00   -0.3887684E-03    0.2040638E-02   -0.6949272E-04    0.3346949E+05   -0.2763513E-06
    1    0.1136081E+00    0.5631734E+00    0.3167592E+00   -0.6147200E-03    0.2332529E-03    0.9435353E-03    0.1024611E+05   -0.7613287E-07
    2    0.9848803E+00    0.4224233E+00    0.4678031E+00   -0.7625813E-03    0.9279141E-03   -0.1279770E-02    0.2386439E+05    0.8238584E-06
    1    0.9984213E+00    0.5275378E+00    0.7627534E+00   -0.7281270E-04    0.9959564E-04   -0.7527347E-03    0.4507591E+04   -0.3179619E-06
    2    0.3666140E+00    0.2140788E+00    0.9367341E-01   -0.1998588E-03   -0.6682276E-04    0.1217343E-03    0.4588549E+03    0.4350015E-06
    1    0.5964739E+00    0.7443788E+00    0.4850510E+00    0.1298662E-02   -0.1005754E-02    0.1015226E-02    0.2888757E+05    0.6739360E-06
    2    0.3571479E+00    0.6387380E+00    0.3570934E+00    0.9529135E-04   -0.4967076E-03   -0.3557457E-03    0.2962195E+04    0.5195782E-07
    1    0.5715902E+00    0.6772511E+00    0.3288987E+00    0.9130791E-03   -0.4785333E-03    0.7956206E-03    0.1313718E+05    0.2009209E-07
    2    0.4235739E-01    0.9282843E+00    0.2745840E+00   -0.4927054E-03    0.1498041E-03    0.7123345E-03    0.5985689E+04   -0.5713381E-06
    1    0.4195097E+00    0.2818853E+00    0.5408259E+00   -0.2974982E-04    0.2139791E-03    0.2770053E-03    0.9560432E+03    0.3154236E-07
    2    0.4339622E+00    0.1547871E+00    0.3211667E+00   -0.8879658E-03   -0.1353962E-03    0.7244468E-04    0.6291267E+04   -0.1753535E-05
    1    0.8983572E+00    0.7015144E+00    0.7380595E+00   -0.7075433E-04    0.3368857E-03    0.1126313E-03    0.1016316E+04    0.1935955E-06
    2    0.2925549E+00    0.2729838E+00    0.3170705E+00    0.8445108E-03   -0.8510408E-03    0.1501468E-02    0.2860190E+05   -0.2178796E-06
    1    0.8038479E+00    0.8414211E+00    0.7215954E+00    0.1084440E-02   -0.2716725E-03    0.1559437E-02    0.2852277E+05   -0.2759422E-06
    2    0.9347268E+00    0.2389097E-01    0.4941414E-01    0.6018221E-03    0.2494501E-03    0.2144452E-03    0.3644325E+04    0.2490038E-06
    1    0.4244987E+00    0.8138988E+00    0.1409117E-01    0.1436371E-02    0.7664153E-03    0.9850573E-03    0.2805198E+05    0.1195456E-06
    2    0.7340141E+00    0.9854655E+00    0.7767187E+00   -0.2239613E-03   -0.4164269E-03   -0.6860081E-03    0.5377970E+04   -0.5182734E-06
    1    0.3273254E+00    0.4979876E+00    0.9372122E+00   -0.2786482E-03    0.1665956E-02    0.1229281E-03    0.2222042E+05   -0.1593902E-06
    2    0.3979838E+00    0.6335414E-01    0.4788165E+00   -0.2929790E-03    0.4744052E-03   -0.2434972E-03    0.2867941E+04   -0.2679310E-07
    1    0.6657046E+00    0.6816606E+00    0.9463101E+00   -0.1815848E-04    0.6753451E-03    0.5833485E-03    0.6172366E+04    0.4765218E-07
    2    0.8095122E+00    0.9194478E+00    0.3939068E+00   -0.1406325E-02    0.1285174E-02   -0.2030229E-03    0.2843739E+05    0.5107995E-07
    1    0.2144032E+00    0.2363348E+00    0.1653586E+00    0.8194439E-03   -0.1911722E-03    0.5475636E-03    0.7808160E+04   -0.5610073E-06
    2    0.5999060E+00    0.8055366E+00    0.6792087E+00   -0.2406167E-03    0.9739508E-03   -0.4664708E-03    0.9483199E+04    0.1890775E-06
    1    0.1246166E+00    0.8315643E-01    0.7540706E+00   -0.8305087E-05   -0.8094644E-03   -0.1048619E-02    0.1359570E+05   -0.4434994E-08
    2    0.4218833E+00    0.4118961E+00    0.6483521E+00    0.2312376E-03   -0.1309679E-02    0.1995204E-03    0.1401121E+05    0.3371369E-06
    1    0.9348909E+00    0.4276409E+00    0.2121519E-01   -0.4114480E-03    0.7635170E-03   -0.2363518E-03    0.6260636E+04    0.7156583E-07
    2    0.3551468E+00    0.8660779E+00    0.8390238E+00   -0.8272541E-03   -0.1739190E-04    0.5236967E-03    0.7428925E+04   -0.1763056E-05
    1    0.8713822E-01    0.3058449E+00    0.6873925E+00    0.4026331E-03   -0.1185052E-03   -0.8106652E-04    0.1415646E+04   -0.2525884E-06
    2    0.5061720E+00    0.8360507E+00    0.3818805E+00   -0.5805432E-03    0.9828323E-03   -0.7565412E-03    0.1452878E+05   -0.4313294E-06
    1    0.7408957E+00    0.8144161E+00    0.1886362E+00   -0.9593859E-03    0.1152865E-02    0.7189371E-03    0.2143194E+05    0.9204082E-06
    2    0.4330617E+00    0.3375747E+00    0.9424297E+00   -0.3054909E-03   -0.8846878E-03   -0.2473161E-03    0.7260439E+04    0.1286179E-06
    1    0.4078774E-01    0.3203696E+00    0.2616669E+00   -0.3150085E-03   -0.8826160E-03    0.1843028E-03    0.7067118E+04   -0.1819185E-06
    2    0.8785669E+00    0.2868158E+00    0.8270727E+00   -0.1205842E-02   -0.9225908E-03    0.4978809E-04    0.1787841E+05    0.1457094E-05
    1    0.4221141E+00    0.1158505E+00    0.8204963E+00    0.9792730E-03   -0.7075918E-03    0.2867691E-04    0.1131475E+05   -0.7238043E-06
    2    0.2744240E+00    0.9999283E+00    0.6344361E+00   -0.8132015E-03   -0.6171563E-03   -0.3423349E-03    0.8981953E+04    0.3112476E-07
    1    0.4248242E+00    0.8691604E+00    0.5292214E+00    0.1504563E-03    0.4859468E-03    0.1521404E-03    0.2184170E+04   -0.2295025E-06
    2    0.6902306E+00    0.2913855E+00    0.9263810E+00    0.2767432E-03   -0.2641884E-03    0.3259927E-03    0.1957372E+04    0.3170906E-06
    1    0.6240647E+00    0.2505541E+00    0.6467068E+00    0.1586018E-03   -0.5877239E-03   -0.1189441E-03    0.2980537E+04    0.1648632E-05
    2    0.6758718E+00    0.4301529E+00    0.2509187E+00   -0.1070619E-02   -0.3774346E-03    0.1373849E-03    0.1012999E+05    0.1851242E-05
    1    0.5721592E+00    0.1400388E+00    0.2509329E+00   -0.2227386E-02   -0.5742493E-04    0.1020742E-02    0.4653359E+05    0.9688369E-06
    2    0.2803042E+00    0.9257961E+00    0.9754255E+00   -0.1071397E-03    0.8650338E-03   -0.2442239E-03    0.6348163E+04    0.1258931E-06
    1    0.1869935E+00    0.6170772E+00    0.4672305E+00    0.9563990E-03    0.2289923E-04   -0.6118778E-03    0.9991004E+04    0.1381530E-06
    2    0.7021494E+00    0.1048338E+00    0.3615769E+00   -0.1110459E-02   -0.4362977E-03   -0.3540302E-03    0.1199904E+05   -0.3338895E-06
    1    0.8630984E-01    0.7581269E+00    0.2694951E+00   -0.9334084E-03   -0.1371390E-02    0.2356209E-03    0.2175026E+05    0.2723662E-06
    2    0.9030256E+00    0.1778723E+00    0.2678797E+00    0.6152822E-04   -0.6365791E-06   -0.2465603E-03    0.5003032E+03    0.1605013E-07
    1    0.1090545E+00    0.2490329E-01    0.4028357E+00    0.1050397E-02    0.1041305E-02   -0.7102738E-03    0.2085669E+05    0.3766720E-06
    2    0.5103591E+00    0.6559765E+00    0.6347685E+00    0.1118298E-03   -0.2611421E-03   -0.1350739E-02    0.1476005E+05    0.8758919E-06
    1    0.7590699E+00    0.5005215E+00    0.9406753E+00    0.7969657E-03    0.4398614E-03    0.4502748E-03    0.7990366E+04   -0.8067519E-08
    2    0.7489984E+00    0.5549392E+00    0.3397956E+00   -0.6506309E-03    0.6230607E-03    0.4312055E-03    0.7727607E+04   -0.5724773E-07
    1    0.1091510E+00    0.6080944E+00    0.9777971E+00   -0.6998620E-04    0.9848018E-04    0.5926464E-03    0.2834150E+04   -0.2050223E-05
    2    0.6400675E+00    0.5564900E+00    0.5122092E+00   -0.3349204E-03   -0.5742486E-03    0.3609940E-03    0.4433367E+04   -0.2773916E-06
    1    0.1989716E+00    0.3958816E+00    0.2117352E+00    0.7896053E-04   -0.5627184E-03   -0.8988504E-03    0.8760745E+04    0.9703459E-07
    2    0.8087631E+00    0.2251382E-02    0.9286874E+00    0.3417814E-04    0.1433995E-02   -0.6292993E-03    0.1900812E+05    0.1585915E-06
    1    0.7592871E+00    0.1237621E+00    0.5222530E+00    0.1075029E-02   -0.3050229E-03    0.5058450E-04    0.9694029E+04    0.1802324E-06
    2    0.8150479E+00    0.5545583E+00    0.5287927E+00    0.3337158E-03    0.1452572E-02   -0.4598170E-03    0.1884724E+05    0.4113718E-06
    1    0.2330077E+00    0.4087438E+00    0.6866117E+00   -0.2405881E-03    0.1319600E-03   -0.1737287E-03    0.8171633E+03   -0.7672755E-06
    2    0.3780077E+00    0.6062462E-01    0.1369583E+00   -0.1910424E-02   -0.4127708E-03   -0.3198725E-04    0.2960323E+05    0.7365833E-07
    1    0.5804128E+00    0.8095737E+00    0.1946380E+00   -0.2707414E-03   -0.6730038E-03    0.1795855E-02    0.2906253E+05   -0.1590058E-05
    2    0.7684323E+00    0.5464102E+00    0.9530084E-01    0.2616708E-03   -0.1006059E-02    0.8033547E-03    0.1337181E+05    0.5978878E-07
    1    0.8891171E+00    0.6832440E+00    0.9986068E+00    0.1329900E-02    0.4180150E-03    0.6704799E-03    0.1853853E+05   -0.9236445E-07
    2    0.1582873E+00    0.1508308E+00    0.5518738E+00    0.7948935E-04    0.5352481E-03   -0.2623867E-03    0.2801841E+04    0.1024657E-07
    1    0.4764398E+00    0.9466829E+00    0.7894593E+00    0.2418663E-03    0.8955382E-04    0.1410163E-02    0.1592122E+05    0.2129889E-05
    2    0.7742190E-01    0.8093235E+00    0.1179870E+00   -0.4076692E-04   -0.4037818E-03   -0.2166718E-03    0.1639694E+04   -0.4678520E-06
    1    0.8881699E+00    0.2336848E+00    0.5305884E-01   -0.3615370E-03   -0.6427788E-03    0.3364275E-03    0.5090392E+04    0.2084617E-07
    2    0.7955357E+00    0.2108647E-01    0.2539032E+00    0.1771654E-02    0.4844580E-03   -0.1666272E-03    0.2635015E+05    0.6858169E-06
    1    0.5967394E+00    0.4181090E+00    0.8709516E+00    0.9386286E-03   -0.3337950E-03    0.7301641E-03    0.1181908E+05   -0.6931020E-06
    2    0.9620463E+00    0.5083929E-01    0.6015027E+00   -0.8083335E-04    0.7541924E-04   -0.3922530E-03    0.1286699E+04    0.2586582E-07
    1    0.8988675E+00    0.2302066E+00    0.6372122E+00   -0.4895806E-03   -0.8036313E-03    0.8344802E-03    0.1225515E+05    0.1383390E-06
    2    0.8470345E+00    0.3365599E+00    0.5122283E+00    0.2730996E-03   -0.7864488E-03    0.9920970E-04    0.5445763E+04   -0.7533520E-06
    1    0.4524645E+00    0.5146103E+00    0.5192687E+00   -0.4293228E-03    0.4057099E-03   -0.6302109E-03    0.5780109E+04    0.9333550E-08
    2    0.6249358E+00    0.9588236E+00    0.2781042E+00    0.2681062E-02    0.2106070E-03   -0.2196050E-02    0.9339386E+05   -0.8045978E-07
    1    0.1448629E+00    0.8270873E+00    0.9739969E+00    0.1587843E-02    0.1143350E-02    0.1350819E-02    0.4379686E+05   -0.1866442E-07
    2    0.6303173E+00    0.4879018E-01    0.9257715E+00    0.7411550E-03    0.1297260E-02    0.1051110E-02    0.2585281E+05    0.6895388E-06
    1    0.5694266E+00    0.5326672E+00    0.2149672E+00    0.1864110E-03   -0.2759544E-03   -0.1827295E-03    0.1117852E+04   -0.2094754E-05
    2    0.8452478E+00    0.8034501E+00    0.5612995E+00    0.5970502E-03    0.2364551E-03    0.6732589E-03    0.6706472E+04    0.1465689E-06
    1    0.7392163E+00    0.3292833E+00    0.7632197E+00    0.8552911E-03    0.4719403E-03   -0.5408888E-03    0.9659369E+04   -0.1110342E-05
    2    0.9370245E-01    0.8682552E+00    0.4743853E+00    0.2429641E-03    0.1316748E-02    0.9581029E-04    0.1396084E+05    0.1693779E-07
    1    0.2545221E+00    0.8127200E+00    0.5992207E+00   -0.3356218E-03   -0.7641951E-04    0.6531211E-03    0.4222636E+04   -0.6944390E-07
    2    0.3130483E+00    0.8083651E+00    0.2781633E+00   -0.5178580E-03    0.6837394E-03    0.3129032E-03    0.6457998E+04   -0.3286719E-07
    1    0.2492277E+00    0.3116796E+00    0.9003142E+00   -0.4078980E-03   -0.8477686E-03    0.1017536E-02    0.1487839E+05   -0.1310712E-06
    2    0.1629425E+00    0.4230064E+00    0.3345760E-01    0.4157665E-03    0.1542453E-03    0.1786798E-03    0.1770868E+04   -0.1064984E-06
    1    0.6739610E+00    0.1181545E+00    0.1225580E+00   -0.4421298E-03   -0.1257777E-02   -0.5975125E-03    0.1653654E+05    0.7834008E-06
    2    0.1644985E-01    0.1650952E+00    0.9490563E+00   -0.3867011E-04   -0.2646311E-03   -0.2919100E-03    0.1214278E+04    0.2714754E-06
    1    0.4908931E+00    0.1187440E+00    0.9760281E+00    0.8513446E-03   -0.1836915E-03   -0.2626671E-03    0.6411044E+04   -0.6041957E-06
    2    0.1645259E+00    0.9531458E-01    0.7863796E-01   -0.7472317E-03    0.1332644E-03   -0.5644059E-03    0.6931229E+04   -0.9516456E-07
    1    0.5394924E+00    0.4261194E+00    0.3603996E+00    0.9598541E-03   -0.6486077E-03    0.6576305E-03    0.1374743E+05   -0.3686636E-06
    2    0.3455042E+00    0.2628180E+00    0.7331540E+00    0.3679629E-03   -0.8350225E-05    0.2312636E-03    0.1463839E+04   -0.3492300E-07
    1    0.4366537E+00    0.7289064E+00    0.7503376E+00    0.1413286E-02   -0.1224573E-02   -0.8464481E-03    0.3264254E+05   -0.1067996E-05
    2    0.1414888E+00    0.6014010E+00    0.8330736E+00   -0.5264400E-03    0.1207630E-02    0.1104021E-02    0.2288828E+05    0.1254335E-05
    1    0.7598526E+00    0.3444726E+00    0.1040118E+00    0.4347138E-03   -0.5070271E-03    0.2462234E-03    0.3925370E+04    0.5269185E-08
    2    0.3097495E+00    0.3899696E+00    0.4124750E+00    0.1412787E-03    0.7197549E-05    0.7449014E-03    0.4453819E+04    0.3060849E-06
    1    0.9243682E+00    0.5348107E+00    0.3520189E+00   -0.3547408E-03   -0.1139805E-02   -0.6353557E-03    0.1416720E+05    0.9724209E-07
    2    0.9840012E+00    0.7221874E+00    0.4222569E+00   -0.4026430E-03   -0.9283481E-04   -0.1402483E-03    0.1475150E+04   -0.1538738E-06
    1    0.6162088E+00    0.5167182E+00    0.7444164E+00    0.6012792E-03    0.1121185E-02    0.1297248E-03    0.1267002E+05   -0.5596312E-06
    2    0.5682574E+00    0.9710322E+00    0.1060108E+00   -0.9776459E-03    0.1449327E-03    0.9043302E-03    0.1390331E+05   -0.1378881E-05
    1    0.9890121E+00    0.9450706E+00    0.8464432E+00   -0.6599625E-03    0.1458394E-02    0.7736924E-03    0.2448959E+05    0.8363310E-06
    2    0.6019871E+00    0.9632501E+00    0.5504357E+00    0.4758053E-03    0.1263402E-02   -0.9323664E-03    0.2085472E+05    0.4855700E-07
    1    0.1642829E+00    0.8116777E+00    0.7830676E+00    0.9314957E-03   -0.1527974E-02   -0.5731920E-03    0.2735509E+05   -0.3684573E-07
    2    0.5748259E+00    0.1661621E+00    0.7548137E+00    0.9448054E-04   -0.5919155E-03   -0.2673595E-03    0.3337299E+04   -0.1389072E-05
    1    0.3121764E+00    0.5453945E+00    0.6712694E+00    0.6555712E-04    0.1418026E-03    0.6420918E-03    0.3383131E+04    0.5356494E-06
    2    0.9334650E+00    0.8016434E+00    0.8678475E+00    0.8641152E-04   -0.1385938E-02   -0.4877415E-03    0.1678199E+05   -0.5469466E-06
    1    0.2262164E+00    0.6342229E+00    0.8369882E-01    0.6471339E-03    0.1210072E-02   -0.1235033E-02    0.2640546E+05    0.9915259E-06
    2    0.7528214E+00    0.3069957E+00    0.3423433E+00    0.1235657E-02    0.2787914E-04    0.6287533E-03    0.1489764E+05    0.2131884E-06
    1    0.9082875E-01    0.8625775E-01    0.2548899E+00   -0.2337487E-04    0.1302315E-02    0.7953913E-03    0.1804506E+05    0.7158272E-07
    2    0.6234735E+00    0.8534460E+00    0.2786761E-01    0.1432884E-02    0.1412234E-02    0.8641740E-03    0.3714312E+05    0.1240171E-05
    1    0.8984011E+00    0.7802200E+00    0.1318684E+00   -0.1167652E-02    0.4929761E-03   -0.8701752E-04    0.1250414E+05    0.3728841E-06
    2    0.3657040E+00    0.5109447E+00    0.1023074E+00    0.1118904E-02    0.5163765E-03   -0.1663937E-02    0.3321466E+05    0.2813122E-06
    1    0.6600653E+00    0.6575225E+00    0.7885585E+00    0.6944717E-03    0.1199104E-02    0.1259832E-03    0.1499879E+05    0.7261708E-06
        10        10        10
  0.00000000E+00  0.00000000E+00  0.00000000E+00
  7.52994233E+00  0.00000000E+00  0.00000000E+00
  0.00000000E+00  7.52994233E+00  0.00000000E+00
  0.00000000E+00  0.00000000E+00  7.52994233E+00
  3.00000012E-02
  6.00000024E-02
  1.10000007E-01
  1.80000007E-01
  2.70000011E-01
  3.80000025E-01
  5.09999990E-01
  6.60000026E-01
  8.29999924E-01
  1.01999998E+00
  6.00000061E-02
  9.00000036E-02
  1.40000015E-01
  2.10000008E-01
  3.00000012E-01
  4.10000026E-01
  5.39999962E-01
  6.90000057E-01
  8.59999955E-01
  1.04999995E+00
  1.09999999E-01
  1.40000001E-01
  1.89999998E-01
  2.60000020E-01
  3.49999994E-01
  4.60000008E-01
  5.89999974E-01
  7.40000069E-01
  9.09999967E-01
  1.10000002E+00
  1.80000022E-01
  2.10000023E-01
  2.60000020E-01
  3.30000043E-01
  4.20000017E-01
  5.30000031E-01
  6.59999967E-01
  8.10000062E-01
  9.79999959E-01
  1.17000008E+00
  2.69999981E-01
  2.99999982E-01
  3.49999994E-01
  4.20000017E-01
  5.09999990E-01
  6.20000005E-01
  7.50000000E-01
  9.00000036E-01
  1.06999993E+00
  1.25999999E+00
  3.79999995E-01
  4.09999996E-01
  4.60000008E-01
  5.30000031E-01
  6.20000005E-01
  7.30000019E-01
  8.60000014E-01
  1.00999999E+00
  1.17999995E+00
  1.37000000E+00
  5.09999990E-01
  5.39999962E-01
  5.89999974E-01
  6.59999967E-01
  7.50000000E-01
  8.60000014E-01
  9.89999950E-01
  1.13999999E+00
  1.30999994E+00
  1.50000000E+00
  6.60000026E-01
  6.90000057E-01
  7.40000010E-01
  8.10000062E-01
  9.00000036E-01
  1.00999999E+00
  1.13999999E+00
  1.29000008E+00
  1.46000004E+00
  1.65000010E+00
  8.29999924E-01
  8.59999955E-01
  9.09999967E-01
  9.79999959E-01
  1.06999993E+00
  1.17999995E+00
  1.30999994E+00
  1.46000004E+00
  1.62999988E+00
  1.81999993E+00
  1.01999998E+00
  1.04999995E+00
  1.10000002E+00
  1.16999996E+00
  1.25999999E+00
  1.37000000E+00
  1.50000000E+00
  1.65000010E+00
  1.81999993E+00
  2.00999999E+00
  6.00000061E-02
  9.00000036E-02
  1.40000015E-01
  2.10000008E-01
  3.00000012E-01
  4.10000026E-01
  5.39999962E-01
  6.90000057E-01
  8.59999955E-01
  1.04999995E+00
  9.00000036E-02
  1.20000005E-01
  1.70000017E-01
  2.40000010E-01
  3.30000013E-01
  4.40000027E-01
  5.69999993E-01
  7.20000029E-01
  8.89999926E-01
  1.08000004E+00
  1.40000015E-01
  1.70000017E-01
  2.20000014E-01
  2.90000021E-01
  3.79999995E-01
  4.90000010E-01
  6.20000005E-01
  7.70000041E-01
  9.39999938E-01
  1.13000000E+00
  2.10000023E-01
  2.40000024E-01
  2.90000021E-01
  3.60000014E-01
  4.50000018E-01
  5.60000062E-01
  6.89999998E-01
  8.40000033E-01
  1.00999999E+00
  1.20000005E+00
  2.99999982E-01
  3.29999983E-01
  3.79999995E-01
  4.49999988E-01
  5.39999962E-01
  6.49999976E-01
  7.79999971E-01
  9.30000067E-01
  1.09999990E+00
  1.28999996E+00
  4.09999996E-01
  4.39999998E-01
  4.90000010E-01
  5.60000002E-01
  6.49999976E-01
  7.59999990E-01
  8.89999986E-01
  1.04000008E+00
  1.20999992E+00
  1.39999998E+00
  5.39999962E-01
  5.69999993E-01
  6.20000005E-01
  6.89999998E-01
  7.79999971E-01
  8.89999986E-01
  1.01999998E+00
  1.17000008E+00
  1.33999991E+00
  1.52999997E+00
  6.90000057E-01
  7.20000088E-01
  7.70000100E-01
  8.40000093E-01
  9.30000067E-01
  1.04000008E+00
  1.17000008E+00
  1.32000017E+00
  1.49000001E+00
  1.68000007E+00
  8.59999955E-01
  8.89999986E-01
  9.39999938E-01
  1.00999999E+00
  1.09999990E+00
  1.21000004E+00
  1.33999991E+00
  1.49000001E+00
  1.65999985E+00
  1.84999990E+00
  1.04999995E+00
  1.07999992E+00
  1.13000000E+00
  1.19999993E+00
  1.28999996E+00
  1.39999998E+00
  1.52999997E+00
  1.68000007E+00
  1.84999990E+00
  2.03999996E+00
  1.09999999E-01
  1.40000001E-01
  1.89999998E-01
  2.60000020E-01
  3.49999994E-01
  4.60000008E-01
  5.89999974E-01
  7.40000069E-01
  9.09999967E-01
  1.10000002E+00
  1.40000015E-01
  1.70000017E-01
  2.20000014E-01
  2.90000021E-01
  3.79999995E-01
  4.90000010E-01
  6.20000005E-01
  7.70000041E-01
  9.39999938E-01
  1.13000000E+00
  1.90000013E-01
  2.20000014E-01
  2.70000011E-01
  3.40000033E-01
  4.30000007E-01
  5.40000021E-01
  6.69999957E-01
  8.20000052E-01
  9.89999950E-01
  1.18000007E+00
  2.59999990E-01
  2.89999992E-01
  3.40000004E-01
  4.10000026E-01
  5.00000000E-01
  6.10000014E-01
  7.40000010E-01
  8.90000045E-01
  1.05999994E+00
  1.25000000E+00
  3.49999994E-01
  3.79999995E-01
  4.30000007E-01
  5.00000000E-01
  5.90000033E-01
  7.00000048E-01
  8.29999983E-01
  9.80000019E-01
  1.14999998E+00
  1.34000003E+00
  4.60000008E-01
  4.90000010E-01
  5.40000021E-01
  6.10000014E-01
  7.00000048E-01
  8.10000062E-01
  9.39999998E-01
  1.09000003E+00
  1.25999999E+00
  1.45000005E+00
  5.89999974E-01
  6.20000005E-01
  6.69999957E-01
  7.40000010E-01
  8.29999983E-01
  9.39999998E-01
  1.06999993E+00
  1.22000003E+00
  1.38999987E+00
  1.57999992E+00
  7.40000010E-01
  7.70000041E-01
  8.20000052E-01
  8.90000045E-01
  9.80000019E-01
  1.09000003E+00
  1.22000003E+00
  1.37000012E+00
  1.53999996E+00
  1.73000002E+00
  9.09999967E-01
  9.39999998E-01
  9.90000010E-01
  1.05999994E+00
  1.14999998E+00
  1.25999999E+00
  1.38999999E+00
  1.53999996E+00
  1.70999992E+00
  1.89999998E+00
  1.10000002E+00
  1.13000000E+00
  1.18000007E+00
  1.25000000E+00
  1.34000003E+00
  1.45000005E+00
  1.58000004E+00
  1.73000002E+00
  1.89999998E+00
  2.09000015E+00
  1.80000022E-01
  2.10000023E-01
  2.60000020E-01
  3.30000043E-01
  4.20000017E-01
  5.30000031E-01
  6.59999967E-01
  8.10000062E-01
  9.79999959E-01
  1.17000008E+00
  2.10000023E-01
  2.40000024E-01
  2.90000021E-01
  3.60000014E-01
  4.50000018E-01
  5.60000062E-01
  6.89999998E-01
  8.40000033E-01
  1.00999999E+00
  1.20000005E+00
  2.59999990E-01
  2.89999992E-01
  3.40000004E-01
  4.10000026E-01
  5.00000000E-01
  6.10000014E-01
  7.40000010E-01
  8.90000045E-01
  1.05999994E+00
  1.25000000E+00
  3.30000013E-01
  3.60000014E-01
  4.10000026E-01
  4.80000019E-01
  5.70000052E-01
  6.80000067E-01
  8.10000002E-01
  9.60000038E-01
  1.13000000E+00
  1.32000005E+00
  4.20000017E-01
  4.50000018E-01
  5.00000000E-01
  5.70000052E-01
  6.60000026E-01
  7.70000041E-01
  8.99999976E-01
  1.05000007E+00
  1.22000003E+00
  1.41000009E+00
  5.30000031E-01
  5.60000062E-01
  6.10000014E-01
  6.80000067E-01
  7.70000041E-01
  8.80000055E-01
  1.00999999E+00
  1.16000009E+00
  1.32999992E+00
  1.51999998E+00
  6.59999967E-01
  6.89999998E-01
  7.40000010E-01
  8.10000002E-01
  8.99999976E-01
  1.00999999E+00
  1.13999999E+00
  1.28999996E+00
  1.45999992E+00
  1.64999998E+00
  8.10000062E-01
  8.40000093E-01
  8.90000105E-01
  9.60000098E-01
  1.05000007E+00
  1.16000009E+00
  1.29000008E+00
  1.44000006E+00
  1.61000001E+00
  1.80000007E+00
  9.79999959E-01
  1.00999999E+00
  1.05999994E+00
  1.13000000E+00
  1.22000003E+00
  1.32999992E+00
  1.45999992E+00
  1.61000001E+00
  1.77999997E+00
  1.97000003E+00
  1.16999996E+00
  1.19999993E+00
  1.25000000E+00
  1.31999993E+00
  1.40999997E+00
  1.51999998E+00
  1.64999998E+00
  1.79999995E+00
  1.96999991E+00
  2.15999985E+00
  2.69999981E-01
  2.99999982E-01
  3.49999994E-01
  4.20000017E-01
  5.09999990E-01
  6.20000005E-01
  7.50000000E-01
  9.00000036E-01
  1.06999993E+00
  1.25999999E+00
  2.99999982E-01
  3.29999983E-01
  3.79999995E-01
  4.49999988E-01
  5.39999962E-01
  6.49999976E-01
  7.79999971E-01
  9.30000067E-01
  1.09999990E+00
  1.28999996E+00
  3.49999994E-01
  3.79999995E-01
  4.30000007E-01
  5.00000000E-01
  5.90000033E-01
  7.00000048E-01
  8.29999983E-01
  9.80000019E-01
  1.14999998E+00
  1.34000003E+00
  4.20000017E-01
  4.50000018E-01
  5.00000000E-01
  5.70000052E-01
  6.60000026E-01
  7.70000041E-01
  8.99999976E-01
  1.05000007E+00
  1.22000003E+00
  1.41000009E+00
  5.09999990E-01
  5.40000021E-01
  5.90000033E-01
  6.60000026E-01
  7.50000000E-01
  8.60000014E-01
  9.90000010E-01
  1.14000010E+00
  1.30999994E+00
  1.50000000E+00
  6.20000005E-01
  6.50000036E-01
  7.00000048E-01
  7.70000041E-01
  8.60000014E-01
  9.70000029E-01
  1.10000002E+00
  1.25000000E+00
  1.41999996E+00
  1.61000001E+00
  7.50000000E-01
  7.80000031E-01
  8.30000043E-01
  9.00000036E-01
  9.90000010E-01
  1.10000002E+00
  1.23000002E+00
  1.38000011E+00
  1.54999995E+00
  1.74000001E+00
  9.00000036E-01
  9.30000067E-01
  9.80000019E-01
  1.05000007E+00
  1.14000010E+00
  1.25000000E+00
  1.38000000E+00
  1.53000009E+00
  1.70000005E+00
  1.89000010E+00
  1.06999993E+00
  1.09999990E+00
  1.14999998E+00
  1.21999991E+00
  1.30999994E+00
  1.41999996E+00
  1.54999995E+00
  1.70000005E+00
  1.86999989E+00
  2.05999994E+00
  1.25999999E+00
  1.28999996E+00
  1.34000003E+00
  1.40999997E+00
  1.50000000E+00
  1.61000001E+00
  1.74000001E+00
  1.89000010E+00
  2.05999994E+00
  2.25000000E+00
  3.79999995E-01
  4.09999996E-01
  4.60000008E-01
  5.30000031E-01
  6.20000005E-01
  7.30000019E-01
  8.60000014E-01
  1.00999999E+00
  1.17999995E+00
  1.37000000E+00
  4.09999996E-01
  4.39999998E-01
  4.90000010E-01
  5.60000002E-01
  6.49999976E-01
  7.59999990E-01
  8.89999986E-01
  1.04000008E+00
  1.20999992E+00
  1.39999998E+00
  4.60000008E-01
  4.90000010E-01
  5.40000021E-01
  6.10000014E-01
  7.00000048E-01
  8.10000062E-01
  9.39999998E-01
  1.09000003E+00
  1.25999999E+00
  1.45000005E+00
  5.30000031E-01
  5.60000062E-01
  6.10000014E-01
  6.80000067E-01
  7.70000041E-01
  8.80000055E-01
  1.00999999E+00
  1.16000009E+00
  1.32999992E+00
  1.51999998E+00
  6.20000005E-01
  6.50000036E-01
  7.00000048E-01
  7.70000041E-01
  8.60000014E-01
  9.70000029E-01
  1.10000002E+00
  1.25000000E+00
  1.41999996E+00
  1.61000001E+00
  7.30000019E-01
  7.60000050E-01
  8.10000062E-01
  8.80000055E-01
  9.70000029E-01
  1.08000004E+00
  1.21000004E+00
  1.36000013E+00
  1.52999997E+00
  1.72000003E+00
  8.60000014E-01
  8.90000045E-01
  9.40000057E-01
  1.00999999E+00
  1.10000002E+00
  1.21000004E+00
  1.34000003E+00
  1.49000001E+00
  1.65999997E+00
  1.85000002E+00
  1.00999999E+00
  1.03999996E+00
  1.09000003E+00
  1.15999997E+00
  1.25000000E+00
  1.36000001E+00
  1.49000001E+00
  1.64000010E+00
  1.80999994E+00
  2.00000000E+00
  1.17999995E+00
  1.20999992E+00
  1.25999999E+00
  1.32999992E+00
  1.41999996E+00
  1.52999997E+00
  1.65999997E+00
  1.80999994E+00
  1.97999990E+00
  2.17000008E+00
  1.37000000E+00
  1.39999998E+00
  1.45000005E+00
  1.51999998E+00
  1.61000001E+00
  1.72000003E+00
  1.85000002E+00
  2.00000000E+00
  2.17000008E+00
  2.36000013E+00
  5.09999990E-01
  5.39999962E-01
  5.89999974E-01
  6.59999967E-01
  7.50000000E-01
  8.60000014E-01
  9.89999950E-01
  1.13999999E+00
  1.30999994E+00
  1.50000000E+00
  5.39999962E-01
  5.69999993E-01
  6.20000005E-01
  6.89999998E-01
  7.79999971E-01
  8.89999986E-01
  1.01999998E+00
  1.17000008E+00
  1.33999991E+00
  1.52999997E+00
  5.89999974E-01
  6.20000005E-01
  6.69999957E-01
  7.40000010E-01
  8.29999983E-01
  9.39999998E-01
  1.06999993E+00
  1.22000003E+00
  1.38999987E+00
  1.57999992E+00
  6.59999967E-01
  6.89999998E-01
  7.40000010E-01
  8.10000002E-01
  8.99999976E-01
  1.00999999E+00
  1.13999999E+00
  1.28999996E+00
  1.45999992E+00
  1.64999998E+00
  7.50000000E-01
  7.80000031E-01
  8.30000043E-01
  9.00000036E-01
  9.90000010E-01
  1.10000002E+00
  1.23000002E+00
  1.38000011E+00
  1.54999995E+00
  1.74000001E+00
  8.60000014E-01
  8.90000045E-01
  9.40000057E-01
  1.00999999E+00
  1.10000002E+00
  1.21000004E+00
  1.34000003E+00
  1.49000001E+00
  1.65999997E+00
  1.85000002E+00
  9.89999950E-01
  1.01999998E+00
  1.06999993E+00
  1.13999999E+00
  1.23000002E+00
  1.33999991E+00
  1.46999991E+00
  1.62000000E+00
  1.78999996E+00
  1.98000002E+00
  1.13999999E+00
  1.16999996E+00
  1.22000003E+00
  1.28999996E+00
  1.38000000E+00
  1.49000001E+00
  1.62000000E+00
  1.76999998E+00
  1.93999994E+00
  2.13000011E+00
  1.30999994E+00
  1.33999991E+00
  1.38999999E+00
  1.45999992E+00
  1.54999995E+00
  1.65999997E+00
  1.78999996E+00
  1.94000006E+00
  2.10999990E+00
  2.29999995E+00
  1.50000000E+00
  1.52999997E+00
  1.58000004E+00
  1.64999998E+00
  1.74000001E+00
  1.85000002E+00
  1.98000002E+00
  2.13000011E+00
  2.29999995E+00
  2.49000001E+00
  6.60000026E-01
  6.90000057E-01
  7.40000010E-01
  8.10000062E-01
  9.00000036E-01
  1.00999999E+00
  1.13999999E+00
  1.29000008E+00
  1.46000004E+00
  1.65000010E+00
  6.90000057E-01
  7.20000088E-01
  7.70000100E-01
  8.40000093E-01
  9.30000067E-01
  1.04000008E+00
  1.17000008E+00
  1.32000017E+00
  1.49000001E+00
  1.68000007E+00
  7.40000010E-01
  7.70000041E-01
  8.20000052E-01
  8.90000045E-01
  9.80000019E-01
  1.09000003E+00
  1.22000003E+00
  1.37000012E+00
  1.53999996E+00
  1.73000002E+00
  8.10000062E-01
  8.40000093E-01
  8.90000105E-01
  9.60000098E-01
  1.05000007E+00
  1.16000009E+00
  1.29000008E+00
  1.44000006E+00
  1.61000001E+00
  1.80000007E+00
  9.00000036E-01
  9.30000067E-01
  9.80000019E-01
  1.05000007E+00
  1.14000010E+00
  1.25000000E+00
  1.38000000E+00
  1.53000009E+00
  1.70000005E+00
  1.89000010E+00
  1.00999999E+00
  1.03999996E+00
  1.09000003E+00
  1.15999997E+00
  1.25000000E+00
  1.36000001E+00
  1.49000001E+00
  1.64000010E+00
  1.80999994E+00
  2.00000000E+00
  1.13999999E+00
  1.16999996E+00
  1.22000003E+00
  1.28999996E+00
  1.38000000E+00
  1.49000001E+00
  1.62000000E+00
  1.76999998E+00
  1.93999994E+00
  2.13000011E+00
  1.29000008E+00
  1.32000005E+00
  1.37000012E+00
  1.44000006E+00
  1.53000009E+00
  1.64000010E+00
  1.77000010E+00
  1.92000008E+00
  2.09000015E+00
  2.28000021E+00
  1.46000004E+00
  1.49000001E+00
  1.54000008E+00
  1.61000001E+00
  1.70000005E+00
  1.81000006E+00
  1.94000006E+00
  2.09000015E+00
  2.25999999E+00
  2.45000005E+00
  1.65000010E+00
  1.68000007E+00
  1.73000014E+00
  1.80000007E+00
  1.89000010E+00
  2.00000000E+00
  2.13000011E+00
  2.28000021E+00
  2.45000005E+00
  2.64000010E+00
  8.29999924E-01
  8.59999955E-01
  9.09999967E-01
  9.79999959E-01
  1.06999993E+00
  1.17999995E+00
  1.30999994E+00
  1.46000004E+00
  1.62999988E+00
  1.81999993E+00
  8.59999955E-01
  8.89999986E-01
  9.39999938E-01
  1.00999999E+00
  1.09999990E+00
  1.21000004E+00
  1.33999991E+00
  1.49000001E+00
  1.65999985E+00
  1.84999990E+00
  9.09999967E-01
  9.39999998E-01
  9.90000010E-01
  1.05999994E+00
  1.14999998E+00
  1.25999999E+00
  1.38999999E+00
  1.53999996E+00
  1.70999992E+00
  1.89999998E+00
  9.79999959E-01
  1.00999999E+00
  1.05999994E+00
  1.13000000E+00
  1.22000003E+00
  1.32999992E+00
  1.45999992E+00
  1.61000001E+00
  1.77999997E+00
  1.97000003E+00
  1.06999993E+00
  1.09999990E+00
  1.14999998E+00
  1.21999991E+00
  1.30999994E+00
  1.41999996E+00
  1.54999995E+00
  1.70000005E+00
  1.86999989E+00
  2.05999994E+00
  1.17999995E+00
  1.20999992E+00
  1.25999999E+00
  1.32999992E+00
  1.41999996E+00
  1.52999997E+00
  1.65999997E+00
  1.80999994E+00
  1.97999990E+00
  2.17000008E+00
  1.30999994E+00
  1.33999991E+00
  1.38999999E+00
  1.45999992E+00
  1.54999995E+00
  1.65999997E+00
  1.78999996E+00
  1.94000006E+00
  2.10999990E+00
  2.29999995E+00
  1.46000004E+00
  1.49000001E+00
  1.54000008E+00
  1.61000001E+00
  1.70000005E+00
  1.81000006E+00
  1.94000006E+00
  2.09000015E+00
  2.25999999E+00
  2.45000005E+00
  1.62999988E+00
  1.65999985E+00
  1.70999992E+00
  1.77999985E+00
  1.86999989E+00
  1.97999990E+00
  2.10999990E+00
  2.25999999E+00
  2.42999983E+00
  2.61999989E+00
  1.81999993E+00
  1.84999990E+00
  1.89999998E+00
  1.96999991E+00
  2.05999994E+00
  2.17000008E+00
  2.29999995E+00
  2.45000005E+00
  2.61999989E+00
  2.80999994E+00
  1.01999998E+00
  1.04999995E+00
  1.10000002E+00
  1.16999996E+00
  1.25999999E+00
  1.37000000E+00
  1.50000000E+00
  1.65000010E+00
  1.81999993E+00
  2.00999999E+00
  1.04999995E+00
  1.07999992E+00
  1.13000000E+00
  1.19999993E+00
  1.28999996E+00
  1.39999998E+00
  1.52999997E+00
  1.68000007E+00
  1.84999990E+00
  2.03999996E+00
  1.10000002E+00
  1.13000000E+00
  1.18000007E+00
  1.25000000E+00
  1.34000003E+00
  1.45000005E+00
  1.58000004E+00
  1.73000002E+00
  1.89999998E+00
  2.09000015E+00
  1.16999996E+00
  1.19999993E+00
  1.25000000E+00
  1.31999993E+00
  1.40999997E+00
  1.51999998E+00
  1.64999998E+00
  1.79999995E+00
  1.96999991E+00
  2.15999985E+00
  1.25999999E+00
  1.28999996E+00
  1.34000003E+00
  1.40999997E+00
  1.50000000E+00
  1.61000001E+00
  1.74000001E+00
  1.89000010E+00
  2.05999994E+00
  2.25000000E+00
  1.37000000E+00
  1.39999998E+00
  1.45000005E+00
  1.51999998E+00
  1.61000001E+00
  1.72000003E+00
  1.85000002E+00
  2.00000000E+00
  2.17000008E+00
  2.36000013E+00
  1.50000000E+00
  1.52999997E+00
  1.58000004E+00
  1.64999998E+00
  1.74000001E+00
  1.85000002E+00
  1.98000002E+00
  2.13000011E+00
  2.29999995E+00
  2.49000001E+00
  1.65000010E+00
  1.68000007E+00
  1.73000014E+00
  1.80000007E+00
  1.89000010E+00
  2.00000000E+00
  2.13000011E+00
  2.28000021E+00
  2.45000005E+00
  2.64000010E+00
  1.81999993E+00
  1.84999990E+00
  1.89999998E+00
  1.96999991E+00
  2.05999994E+00
  2.17000008E+00
  2.29999995E+00
  2.45000005E+00
  2.61999989E+00
  2.80999994E+00
  2.00999999E+00
  2.03999996E+00
  2.08999991E+00
  2.16000009E+00
  2.25000000E+00
  2.36000013E+00
  2.49000001E+00
  2.64000010E+00
  2.80999994E+00
  3.00000000E+00
        10        10        10
  1.50598847E+01  1.50598847E+01  1.50598847E+01
  7.52994233E+00  0.00000000E+00  0.00000000E+00
  0.00000000E+00  7.52994233E+00  0.00000000E+00
  0.00000000E+00  0.00000000E+00  7.52994233E+00
  3.00000012E-02
  6.00000024E-02
  1.10000007E-01
  1.80000007E-01
  2.70000011E-01
  3.80000025E-01
  5.09999990E-01
  6.60000026E-01
  8.29999924E-01
  1.01999998E+00
  6.00000061E-02
  9.00000036E-02
  1.40000015E-01
  2.10000008E-01
  3.00000012E-01
  4.10000026E-01
  5.39999962E-01
  6.90000057E-01
  8.59999955E-01
  1.04999995E+00
  1.09999999E-01
  1.40000001E-01
  1.89999998E-01
  2.60000020E-01
  3.49999994E-01
  4.60000008E-01
  5.89999974E-01
  7.40000069E-01
  9.09999967E-01
  1.10000002E+00
  1.80000022E-01
  2.10000023E-01
  2.60000020E-01
  3.30000043E-01
  4.20000017E-01
  5.30000031E-01
  6.59999967E-01
  8.10000062E-01
  9.79999959E-01
  1.17000008E+00
  2.69999981E-01
  2.99999982E-01
  3.49999994E-01
  4.20000017E-01
  5.09999990E-01
  6.20000005E-01
  7.50000000E-01
  9.00000036E-01
  1.06999993E+00
  1.25999999E+00
  3.79999995E-01
  4.09999996E-01
  4.60000008E-01
  5.30000031E-01
  6.20000005E-01
  7.30000019E-01
  8.60000014E-01
  1.00999999E+00
  1.17999995E+00
  1.37000000E+00
  5.09999990E-01
  5.39999962E-01
  5.89999974E-01
  6.59999967E-01
  7.50000000E-01
  8.60000014E-01
  9.89999950E-01
  1.13999999E+00
  1.30999994E+00
  1.50000000E+00
  6.60000026E-01
  6.90000057E-01
  7.40000010E-01
  8.10000062E-01
  9.00000036E-01
  1.00999999E+00
  1.13999999E+00
  1.29000008E+00
  1.46000004E+00
  1.65000010E+00
  8.29999924E-01
  8.59999955E-01
  9.09999967E-01
  9.79999959E-01
  1.06999993E+00
  1.17999995E+00
  1.30999994E+00
  1.46000004E+00
  1.62999988E+00
  1.81999993E+00
  1.01999998E+00
  1.04999995E+00
  1.10000002E+00
  1.16999996E+00
  1.25999999E+00
  1.37000000E+00
  1.50000000E+00
  1.65000010E+00
  1.81999993E+00
  2.00999999E+00
  6.00000061E-02
  9.00000036E-02
  1.40000015E-01
  2.10000008E-01
  3.00000012E-01
  4.10000026E-01
  5.39999962E-01
  6.90000057E-01
  8.59999955E-01
  1.04999995E+00
  9.00000036E-02
  1.20000005E-01
  1.70000017E-01
  2.40000010E-01
  3.30000013E-01
  4.40000027E-01
  5.69999993E-01
  7.20000029E-01
  8.89999926E-01
  1.08000004E+00
  1.40000015E-01
  1.70000017E-01
  2.20000014E-01
  2.90000021E-01
  3.79999995E-01
  4.90000010E-01
  6.20000005E-01
  7.70000041E-01
  9.39999938E-01
  1.13000000E+00
  2.10000023E-01
  2.40000024E-01
  2.90000021E-01
  3.60000014E-01
  4.50000018E-01
  5.60000062E-01
  6.89999998E-01
  8.40000033E-01
  1.00999999E+00
  1.20000005E+00
  2.99999982E-01
  3.29999983E-01
  3.79999995E-01
  4.49999988E-01
  5.39999962E-01
  6.49999976E-01
  7.79999971E-01
  9.30000067E-01
  1.09999990E+00
  1.28999996E+00
  4.09999996E-01
  4.39999998E-01
  4.90000010E-01
  5.60000002E-01
  6.49999976E-01
  7.59999990E-01
  8.89999986E-01
  1.04000008E+00
  1.20999992E+00
  1.39999998E+00
  5.39999962E-01
  5.69999993E-01
  6.20000005E-01
  6.89999998E-01
  7.79999971E-01
  8.89999986E-01
  1.01999998E+00
  1.17000008E+00
  1.33999991E+00
  1.52999997E+00
  6.90000057E-01
  7.20000088E-01
  7.70000100E-01
  8.40000093E-01
  9.30000067E-01
  1.04000008E+00
  1.17000008E+00
  1.32000017E+00
  1.49000001E+00
  1.68000007E+00
  8.59999955E-01
  8.89999986E-01
  9.39999938E-01
  1.00999999E+00
  1.09999990E+00
  1.21000004E+00
  1.33999991E+00
  1.49000001E+00
  1.65999985E+00
  1.84999990E+00
  1.04999995E+00
  1.07999992E+00
  1.13000000E+00
  1.19999993E+00
  1.28999996E+00
  1.39999998E+00
  1.52999997E+00
  1.68000007E+00
  1.84999990E+00
  2.03999996E+00
  1.09999999E-01
  1.40000001E-01
  1.89999998E-01
  2.60000020E-01
  3.49999994E-01
  4.60000008E-01
  5.89999974E-01
  7.40000069E-01
  9.09999967E-01
  1.10000002E+00
  1.40000015E-01
  1.70000017E-01
  2.20000014E-01
  2.90000021E-01
  3.79999995E-01
  4.90000010E-01
  6.20000005E-01
  7.70000041E-01
  9.39999938E-01
  1.13000000E+00
  1.90000013E-01
  2.20000014E-01
  2.70000011E-01
  3.40000033E-01
  4.30000007E-01
  5.40000021E-01
  6.69999957E-01
  8.20000052E-01
  9.89999950E-01
  1.18000007E+00
  2.59999990E-01
  2.89999992E-01
  3.40000004E-01
  4.10000026E-01
  5.00000000E-01
  6.10000014E-01
  7.40000010E-01
  8.90000045E-01
  1.05999994E+00
  1.25000000E+00
  3.49999994E-01
  3.79999995E-01
  4.30000007E-01
  5.00000000E-01
  5.90000033E-01
  7.00000048E-01
  8.29999983E-01
  9.80000019E-01
  1.14999998E+00
  1.34000003E+00
  4.60000008E-01
  4.90000010E-01
  5.40000021E-01
  6.10000014E-01
  7.00000048E-01
  8.10000062E-01
  9.39999998E-01
  1.09000003E+00
  1.25999999E+00
  1.45000005E+00
  5.89999974E-01
  6.20000005E-01
  6.69999957E-01
  7.40000010E-01
  8.29999983E-01
  9.39999998E-01
  1.06999993E+00
  1.22000003E+00
  1.38999987E+00
  1.57999992E+00
  7.40000010E-01
  7.70000041E-01
  8.20000052E-01
  8.90000045E-01
  9.80000019E-01
  1.09000003E+00
  1.22000003E+00
  1.37000012E+00
  1.53999996E+00
  1.73000002E+00
  9.09999967E-01
  9.39999998E-01
  9.90000010E-01
  1.05999994E+00
  1.14999998E+00
  1.25999999E+00
  1.38999999E+00
  1.53999996E+00
  1.70999992E+00
  1.89999998E+00
  1.10000002E+00
  1.13000000E+00
  1.18000007E+00
  1.25000000E+00
  1.34000003E+00
  1.45000005E+00
  1.58000004E+00
  1.73000002E+00
  1.89999998E+00
  2.09000015E+00
  1.80000022E-01
  2.10000023E-01
  2.60000020E-01
  3.30000043E-01
  4.20000017E-01
  5.30000031E-01
  6.59999967E-01
  8.10000062E-01
  9.79999959E-01
  1.17000008E+00
  2.10000023E-01
  2.40000024E-01
  2.90000021E-01
  3.60000014E-01
  4.50000018E-01
  5.60000062E-01
  6.89999998E-01
  8.40000033E-01
  1.00999999E+00
  1.20000005E+00
  2.59999990E-01
  2.89999992E-01
  3.40000004E-01
  4.10000026E-01
  5.00000000E-01
  6.10000014E-01
  7.40000010E-01
  8.90000045E-01
  1.05999994E+00
  1.25000000E+00
  3.30000013E-01
  3.60000014E-01
  4.10000026E-01
  4.80000019E-01
  5.70000052E-01
  6.80000067E-01
  8.10000002E-01
  9.60000038E-01
  1.13000000E+00
  1.32000005E+00
  4.20000017E-01
  4.50000018E-01
  5.00000000E-01
  5.70000052E-01
  6.60000026E-01
  7.70000041E-01
  8.99999976E-01
  1.05000007E+00
  1.22000003E+00
  1.41000009E+00
  5.30000031E-01
  5.60000062E-01
  6.10000014E-01
  6.80000067E-01
  7.70000041E-01
  8.80000055E-01
  1.00999999E+00
  1.16000009E+00
  1.32999992E+00
  1.51999998E+00
  6.59999967E-01
  6.89999998E-01
  7.40000010E-01
  8.10000002E-01
  8.99999976E-01
  1.00999999E+00
  1.13999999E+00
  1.28999996E+00
  1.45999992E+00
  1.64999998E+00
  8.10000062E-01
  8.40000093E-01
  8.90000105E-01
  9.60000098E-01
  1.05000007E+00
  1.16000009E+00
  1.29000008E+00
  1.44000006E+00
  1.61000001E+00
  1.80000007E+00
  9.79999959E-01
  1.00999999E+00
  1.05999994E+00
  1.13000000E+00
  1.22000003E+00
  1.32999992E+00
  1.45999992E+00
  1.61000001E+00
  1.77999997E+00
  1.97000003E+00
  1.16999996E+00
  1.19999993E+00
  1.25000000E+00
  1.31999993E+00
  1.40999997E+00
  1.51999998E+00
  1.64999998E+00
  1.79999995E+00
  1.96999991E+00
  2.15999985E+00
  2.69999981E-01
  2.99999982E-01
  3.49999994E-01
  4.20000017E-01
  5.09999990E-01
  6.20000005E-01
  7.50000000E-01
  9.00000036E-01
  1.06999993E+00
  1.25999999E+00
  2.99999982E-01
  3.29999983E-01
  3.79999995E-01
  4.49999988E-01
  5.39999962E-01
  6.49999976E-01
  7.79999971E-01
  9.30000067E-01
  1.09999990E+00
  1.28999996E+00
  3.49999994E-01
  3.79999995E-01
  4.30000007E-01
  5.00000000E-01
  5.90000033E-01
  7.00000048E-01
  8.29999983E-01
  9.80000019E-01
  1.14999998E+00
  1.34000003E+00
  4.20000017E-01
  4.50000018E-01
  5.00000000E-01
  5.70000052E-01
  6.60000026E-01
  7.70000041E-01
  8.99999976E-01
  1.05000007E+00
  1.22000003E+00
  1.41000009E+00
  5.09999990E-01
  5.40000021E-01
  5.90000033E-01
  6.60000026E-01
  7.50000000E-01
  8.60000014E-01
  9.90000010E-01
  1.14000010E+00
  1.30999994E+00
  1.50000000E+00
  6.20000005E-01
  6.50000036E-01
  7.00000048E-01
  7.70000041E-01
  8.60000014E-01
  9.70000029E-01
  1.10000002E+00
  1.25000000E+00
  1.41999996E+00
  1.61000001E+00
  7.50000000E-01
  7.80000031E-01
  8.30000043E-01
  9.00000036E-01
  9.90000010E-01
  1.10000002E+00
  1.23000002E+00
  1.38000011E+00
  1.54999995E+00
  1.74000001E+00
  9.00000036E-01
  9.30000067E-01
  9.80000019E-01
  1.05000007E+00
  1.14000010E+00
  1.25000000E+00
  1.38000000E+00
  1.53000009E+00
  1.70000005E+00
  1.89000010E+00
  1.06999993E+00
  1.09999990E+00
  1.14999998E+00
  1.21999991E+00
  1.30999994E+00
  1.41999996E+00
  1.54999995E+00
  1.70000005E+00
  1.86999989E+00
  2.05999994E+00
  1.25999999E+00
  1.28999996E+00
  1.34000003E+00
  1.40999997E+00
  1.50000000E+00
  1.61000001E+00
  1.74000001E+00
  1.89000010E+00
  2.05999994E+00
  2.25000000E+00
  3.79999995E-01
  4.09999996E-01
  4.60000008E-01
  5.30000031E-01
  6.20000005E-01
  7.30000019E-01
  8.60000014E-01
  1.00999999E+00
  1.17999995E+00
  1.37000000E+00
  4.09999996E-01
  4.39999998E-01
  4.90000010E-01
  5.60000002E-01
  6.49999976E-01
  7.59999990E-01
  8.89999986E-01
  1.04000008E+00
  1.20999992E+00
  1.39999998E+00
  4.60000008E-01
  4.90000010E-01
  5.40000021E-01
  6.10000014E-01
  7.00000048E-01
  8.10000062E-01
  9.39999998E-01
  1.09000003E+00
  1.25999999E+00
  1.45000005E+00
  5.30000031E-01
  5.60000062E-01
  6.10000014E-01
  6.80000067E-01
  7.70000041E-01
  8.80000055E-01
  1.00999999E+00
  1.16000009E+00
  1.32999992E+00
  1.51999998E+00
  6.20000005E-01
  6.50000036E-01
  7.00000048E-01
  7.70000041E-01
  8.60000014E-01
  9.70000029E-01
  1.10000002E+00
  1.25000000E+00
  1.41999996E+00
  1.61000001E+00
  7.30000019E-01
  7.60000050E-01
  8.10000062E-01
  8.80000055E-01
  9.70000029E-01
  1.08000004E+00
  1.21000004E+00
  1.36000013E+00
  1.52999997E+00
  1.72000003E+00
  8.60000014E-01
  8.90000045E-01
  9.40000057E-01
  1.00999999E+00
  1.10000002E+00
  1.21000004E+00
  1.34000003E+00
  1.49000001E+00
  1.65999997E+00
  1.85000002E+00
  1.00999999E+00
  1.03999996E+00
  1.09000003E+00
  1.15999997E+00
  1.25000000E+00
  1.36000001E+00
  1.49000001E+00
  1.64000010E+00
  1.80999994E+00
  2.00000000E+00
  1.17999995E+00
  1.20999992E+00
  1.25999999E+00
  1.32999992E+00
  1.41999996E+00
  1.52999997E+00
  1.65999997E+00
  1.80999994E+00
  1.97999990E+00
  2.17000008E+00
  1.37000000E+00
  1.39999998E+00
  1.45000005E+00
  1.51999998E+00
  1.61000001E+00
  1.72000003E+00
  1.85000002E+00
  2.00000000E+00
  2.17000008E+00
  2.36000013E+00
  5.09999990E-01
  5.39999962E-01
  5.89999974E-01
  6.59999967E-01
  7.50000000E-01
  8.60000014E-01
  9.89999950E-01
  1.13999999E+00
  1.30999994E+00
  1.50000000E+00
  5.39999962E-01
  5.69999993E-01
  6.20000005E-01
  6.89999998E-01
  7.79999971E-01
  8.89999986E-01
  1.01999998E+00
  1.17000008E+00
  1.33999991E+00
  1.52999997E+00
  5.89999974E-01
  6.20000005E-01
  6.69999957E-01
  7.40000010E-01
  8.29999983E-01
  9.39999998E-01
  1.06999993E+00
  1.22000003E+00
  1.38999987E+00
  1.57999992E+00
  6.59999967E-01
  6.89999998E-01
  7.40000010E-01
  8.10000002E-01
  8.99999976E-01
  1.00999999E+00
  1.13999999E+00
  1.28999996E+00
  1.45999992E+00
  1.64999998E+00
  7.50000000E-01
  7.80000031E-01
  8.30000043E-01
  9.00000036E-01
  9.90000010E-01
  1.10000002E+00
  1.23000002E+00
  1.38000011E+00
  1.54999995E+00
  1.74000001E+00
  8.60000014E-01
  8.90000045E-01
  9.40000057E-01
  1.00999999E+00
  1.10000002E+00
  1.21000004E+00
  1.34000003E+00
  1.49000001E+00
  1.65999997E+00
  1.85000002E+00
  9.89999950E-01
  1.01999998E+00
  1.06999993E+00
  1.13999999E+00
  1.23000002E+00
  1.33999991E+00
  1.46999991E+00
  1.62000000E+00
  1.78999996E+00
  1.98000002E+00
  1.13999999E+00
  1.16999996E+00
  1.22000003E+00
  1.28999996E+00
  1.38000000E+00
  1.49000001E+00
  1.62000000E+00
  1.76999998E+00
  1.93999994E+00
  2.13000011E+00
  1.30999994E+00
  1.33999991E+00
  1.38999999E+00
  1.45999992E+00
  1.54999995E+00
  1.65999997E+00
  1.78999996E+00
  1.94000006E+00
  2.10999990E+00
  2.29999995E+00
  1.50000000E+00
  1.52999997E+00
  1.58000004E+00
  1.64999998E+00
  1.74000001E+00
  1.85000002E+00
  1.98000002E+00
  2.13000011E+00
  2.29999995E+00
  2.49000001E+00
  6.60000026E-01
  6.90000057E-01
  7.40000010E-01
  8.10000062E-01
  9.00000036E-01
  1.00999999E+00
  1.13999999E+00
  1.29000008E+00
  1.46000004E+00
  1.65000010E+00
  6.90000057E-01
  7.20000088E-01
  7.70000100E-01
  8.40000093E-01
  9.30000067E-01
  1.04000008E+00
  1.17000008E+00
  1.32000017E+00
  1.49000001E+00
  1.68000007E+00
  7.40000010E-01
  7.70000041E-01
  8.20000052E-01
  8.90000045E-01
  9.80000019E-01
  1.09000003E+00
  1.22000003E+00
  1.37000012E+00
  1.53999996E+00
  1.73000002E+00
  8.10000062E-01
  8.40000093E-01
  8.90000105E-01
  9.60000098E-01
  1.05000007E+00
  1.16000009E+00
  1.29000008E+00
  1.44000006E+00
  1.61000001E+00
  1.80000007E+00
  9.00000036E-01
  9.30000067E-01
  9.80000019E-01
  1.05000007E+00
  1.14000010E+00
  1.25000000E+00
  1.38000000E+00
  1.53000009E+00
  1.70000005E+00
  1.89000010E+00
  1.00999999E+00
  1.03999996E+00
  1.09000003E+00
  1.15999997E+00
  1.25000000E+00
  1.36000001E+00
  1.49000001E+00
  1.64000010E+00
  1.80999994E+00
  2.00000000E+00
  1.13999999E+00
  1.16999996E+00
  1.22000003E+00
  1.28999996E+00
  1.38000000E+00
  1.49000001E+00
  1.62000000E+00
  1.76999998E+00
  1.93999994E+00
  2.13000011E+00
  1.29000008E+00
  1.32000005E+00
  1.37000012E+00
  1.44000006E+00
  1.53000009E+00
  1.64000010E+00
  1.77000010E+00
  1.92000008E+00
  2.09000015E+00
  2.28000021E+00
  1.46000004E+00
  1.49000001E+00
  1.54000008E+00
  1.61000001E+00
  1.70000005E+00
  1.81000006E+00
  1.94000006E+00
  2.09000015E+00
  2.25999999E+00
  2.45000005E+00
  1.65000010E+00
  1.68000007E+00
  1.73000014E+00
  1.80000007E+00
  1.89000010E+00
  2.00000000E+00
  2.13000011E+00
  2.28000021E+00
  2.45000005E+00
  2.64000010E+00
  8.29999924E-01
  8.59999955E-01
  9.09999967E-01
  9.79999959E-01
  1.06999993E+00
  1.17999995E+00
  1.30999994E+00
  1.46000004E+00
  1.62999988E+00
  1.81999993E+00
  8.59999955E-01
  8.89999986E-01
  9.39999938E-01
  1.00999999E+00
  1.09999990E+00
  1.21000004E+00
  1.33999991E+00
  1.49000001E+00
  1.65999985E+00
  1.84999990E+00
  9.09999967E-01
  9.39999998E-01
  9.90000010E-01
  1.05999994E+00
  1.14999998E+00
  1.25999999E+00
  1.38999999E+00
  1.53999996E+00
  1.70999992E+00
  1.89999998E+00
  9.79999959E-01
  1.00999999E+00
  1.05999994E+00
  1.13000000E+00
  1.22000003E+00
  1.32999992E+00
  1.45999992E+00
  1.61000001E+00
  1.77999997E+00
  1.97000003E+00
  1.06999993E+00
  1.09999990E+00
  1.14999998E+00
  1.21999991E+00
  1.30999994E+00
  1.41999996E+00
  1.54999995E+00
  1.70000005E+00
  1.86999989E+00
  2.05999994E+00
  1.17999995E+00
  1.20999992E+00
  1.25999999E+00
  1.32999992E+00
  1.41999996E+00
  1.52999997E+00
  1.65999997E+00
  1.80999994E+00
  1.97999990E+00
  2.17000008E+00
  1.30999994E+00
  1.33999991E+00
  1.38999999E+00
  1.45999992E+00
  1.54999995E+00
  1.65999997E+00
  1.78999996E+00
  1.94000006E+00
  2.10999990E+00
  2.29999995E+00
  1.46000004E+00
  1.49000001E+00
  1.54000008E+00
  1.61000001E+00
  1.70000005E+00
  1.81000006E+00
  1.94000006E+00
  2.09000015E+00
  2.25999999E+00
  2.45000005E+00
  1.62999988E+00
  1.65999985E+00
  1.70999992E+00
  1.77999985E+00
  1.86999989E+00
  1.97999990E+00
  2.10999990E+00
  2.25999999E+00
  2.42999983E+00
  2.61999989E+00
  1.81999993E+00
  1.84999990E+00
  1.89999998E+00
  1.96999991E+00
  2.05999994E+00
  2.17000008E+00
  2.29999995E+00
  2.45000005E+00
  2.61999989E+00
  2.80999994E+00
  1.01999998E+00
  1.04999995E+00
  1.10000002E+00
  1.16999996E+00
  1.25999999E+00
  1.37000000E+00
  1.50000000E+00
  1.65000010E+00
  1.81999993E+00
  2.00999999E+00
  1.04999995E+00
  1.07999992E+00
  1.13000000E+00
  1.19999993E+00
  1.28999996E+00
  1.39999998E+00
  1.52999997E+00
  1.68000007E+00
  1.84999990E+00
  2.03999996E+00
  1.10000002E+00
  1.13000000E+00
  1.18000007E+00
  1.25000000E+00
  1.34000003E+00
  1.45000005E+00
  1.58000004E+00
  1.73000002E+00
  1.89999998E+00
  2.09000015E+00
  1.16999996E+00
  1.19999993E+00
  1.25000000E+00
  1.31999993E+00
  1.40999997E+00
  1.51999998E+00
  1.64999998E+00
  1.79999995E+00
  1.96999991E+00
  2.15999985E+00
  1.25999999E+00
  1.28999996E+00
  1.34000003E+00
  1.40999997E+00
  1.50000000E+00
  1.61000001E+00
  1.74000001E+00
  1.89000010E+00
  2.05999994E+00
  2.25000000E+00
  1.37000000E+00
  1.39999998E+00
  1.45000005E+00
  1.51999998E+00
  1.61000001E+00
  1.72000003E+00
  1.85000002E+00
  2.00000000E+00
  2.17000008E+00
  2.36000013E+00
  1.50000000E+00
  1.52999997E+00
  1.58000004E+00
  1.64999998E+00
  1.74000001E+00
  1.85000002E+00
  1.98000002E+00
  2.13000011E+00
  2.29999995E+00
  2.49000001E+00
  1.65000010E+00
  1.68000007E+00
  1.73000014E+00
  1.80000007E+00
  1.89000010E+00
  2.00000000E+00
  2.13000011E+00
  2.28000021E+00
  2.45000005E+00
  2.64000010E+00
  1.81999993E+00
  1.84999990E+00
  1.89999998E+00
  1.96999991E+00
  2.05999994E+00
  2.17000008E+00
  2.29999995E+00
  2.45000005E+00
  2.61999989E+00
  2.80999994E+00
  2.00999999E+00
  2.03999996E+00
  2.08999991E+00
  2.16000009E+00
  2.25000000E+00
  2.36000013E+00
  2.49000001E+00
  2.64000010E+00
  2.80999994E+00
  3.00000000E+00
