       108         5         2      2000
  3.01197693E+01  0.00000000E+00  0.00000000E+00
  0.00000000E+00  3.01197693E+01  0.00000000E+00
  0.00000000E+00  0.00000000E+00  3.01197693E+01
    2    0.2953955E+00    0.2550156E+00    0.9200866E+00   -0.3522978E-03   -0.1172571E-03    0.4177667E-03    0.2420182E+04    0.3066981E-05
    1    0.2959861E+00    0.5764786E+00    0.9928015E+00    0.2328776E-03    0.1073030E-02   -0.4115239E-03    0.1065231E+05    0.2623963E-05
    2    0.7771254E+00    0.1207981E+00    0.5149590E+00    0.1197580E-02    0.2336766E-03    0.8243786E-03    0.1679918E+05   -0.8088989E-06
    1    0.3206788E+00    0.3097737E+00    0.5914138E+00    0.4603610E-03   -0.4729473E-03   -0.8473163E-04    0.3430416E+04   -0.1353041E-06
    2    0.7340558E+00    0.3606209E+00    0.6510045E+00    0.4551854E-03   -0.1232767E-02    0.2270849E-02    0.5332951E+05    0.1194458E-05
    1    0.4122478E+00    0.1820421E+00    0.5095979E+00    0.3326143E-03    0.1545241E-02   -0.7585367E-03    0.2381336E+05    0.1365805E-06
    2    0.3146557E+00    0.7729894E+00    0.6481057E-01   -0.9089593E-04    0.6428605E-03    0.2278826E-03    0.3668034E+04    0.6618888E-07
    1    0.1742676E+00    0.2127732E+00    0.6199855E+00   -0.4526276E-03   -0.3702428E-03    0.1479873E-02    0.1961586E+05   -0.1138734E-07
    2    0.8518932E+00    0.6612299E+00    0.4046609E+00   -0.2487904E-03    0.7765345E-03   -0.1330404E-03    0.5288296E+04    0.6072133E-07
    1    0.9614344E+00    0.3820094E+00    0.2900469E+00    0.3945643E-04    0.5861336E-03    0.6420019E-03    0.5866811E+04   -0.1528347E-06
    2    0.9520798E+00    0.5002416E+00    0.1063357E+00    0.1219162E-02    0.1577303E-02    0.6395048E-03    0.3395786E+05   -0.1009236E-05
    1    0.6966713E+00    0.2302054E+00    0.9987098E-01    0.2905440E-04   -0.7433188E-04    0.1301973E-02    0.1318198E+05    0.3500297E-06
    2    0.6449360E+00    0.7421072E+00    0.4667358E+00   -0.8217773E-03    0.6877218E-03    0.3007824E-03    0.9596911E+04   -0.3726148E-06
    1    0.1521990E+00    0.9641421E+00    0.8007612E+00    0.9454502E-03    0.4069773E-03    0.6319195E-03    0.1130192E+05   -0.4530757E-06
    2    0.7691733E+00    0.4346859E+00    0.9803058E+00   -0.1116432E-02   -0.1701519E-02    0.9684002E-03    0.3935133E+05    0.1621491E-07
    1    0.2238920E+00    0.3965265E-01    0.5688351E+00   -0.2205088E-03    0.2699918E-03    0.2115898E-02    0.3562611E+05    0.4879945E-06
    2    0.1139946E+00    0.1313522E+00    0.4342362E+00    0.7316927E-04   -0.1906433E-03   -0.1899108E-03    0.6024636E+03    0.2213798E-06
    1    0.3130375E-01    0.3627991E+00    0.5023883E+00    0.3268637E-03    0.1298634E-02   -0.9344959E-03    0.2065862E+05    0.2472488E-06
    2    0.7436438E+00    0.5404656E+00    0.3802525E+00   -0.7838065E-03    0.7016239E-03   -0.4264406E-03    0.9982190E+04   -0.8105315E-06
    1    0.7673367E+00    0.9436816E+00    0.8914847E+00    0.2697533E-03   -0.6487633E-03    0.7987593E-03    0.8767395E+04   -0.8573859E-07
    2    0.3078920E+00    0.4590986E+00    0.5644114E+00    0.6610808E-03   -0.1644100E-04    0.1802059E-03    0.3639448E+04   -0.5555261E-06
    1    0.4327460E+00    0.2777135E+00    0.8093849E+00   -0.5029347E-03   -0.2731012E-03    0.8973286E-04    0.2599821E+04    0.3272123E-07
    2    0.9084319E+00    0.8716475E+00    0.6606036E+00   -0.1051826E-03    0.4030164E-03   -0.4663852E-03    0.3029184E+04    0.1728558E-07
    1    0.5649378E+00    0.1574208E+00    0.8912513E+00    0.2656243E-04    0.1778768E-04    0.6653206E-04    0.4221078E+02    0.1272141E-05
    2    0.3397714E+00    0.3373897E+00    0.1022446E+00   -0.4440060E-03    0.8055987E-03   -0.2567329E-03    0.7065829E+04    0.8787738E-08
    1    0.7190096E+00    0.9952775E+00    0.1371630E+00   -0.5679146E-03   -0.2519538E-02   -0.1764018E-03    0.5191993E+05   -0.6899886E-06
    2    0.4358877E+00    0.1082945E+00    0.8086375E+00   -0.5257080E-03   -0.2115014E-03   -0.4665054E-03    0.4173673E+04   -0.8976637E-06
    1    0.6702849E+00    0.9029300E+00    0.5371355E+00    0.9698313E-04    0.1131620E-02   -0.7564101E-03    0.1442637E+05   -0.2924050E-07
    2    0.7764914E+00    0.4998792E+00    0.5495186E+00    0.4707403E-03    0.2014725E-03    0.7950655E-03    0.6928503E+04    0.1967578E-06
    1    0.3441865E+00    0.9601686E+00    0.7761754E+00   -0.9607725E-03    0.2229755E-03   -0.1211172E-02    0.1890130E+05    0.9277430E-06
    2    0.1451426E+00    0.3548456E+00    0.3613085E+00    0.6695082E-03    0.1371181E-02    0.3483100E-03    0.1897846E+05    0.2156655E-06
    1    0.3096134E+00    0.7840371E+00    0.2505089E+00    0.1187853E-02   -0.1241111E-02    0.8995825E-03    0.2913435E+05    0.2469390E-07
    2    0.4038890E+00    0.4988407E-01    0.2567217E+00   -0.1651703E-02   -0.6197533E-03   -0.6053149E-04    0.2413953E+05   -0.3520390E-07
    1    0.8948831E+00    0.7575518E+00    0.9943139E+00    0.8534390E-03   -0.1526503E-02   -0.1612133E-03    0.2389688E+05   -0.1560910E-07
    2    0.5052932E+00    0.1316947E-01    0.5043327E+00   -0.7992983E-03    0.2650483E-03   -0.6829375E-03    0.9107150E+04    0.1921610E-06
    1    0.9955533E+00    0.2155404E-01    0.3017574E+00    0.2049426E-04    0.1117597E-02   -0.1087272E-02    0.1883827E+05   -0.2949447E-06
    2    0.4167947E+00    0.2174546E+00    0.2572014E+00   -0.5489472E-03    0.1647353E-02    0.7199903E-03    0.2737494E+05    0.2194481E-06
    1    0.8184690E+00    0.6699056E+00    0.6099456E+00    0.8364131E-03   -0.2143646E-02    0.3638549E-03    0.4204587E+05    0.8690516E-08
    2    0.6153489E+00    0.3672057E+00    0.2838205E+00    0.6266904E-03    0.2297280E-03    0.8614482E-03    0.9200712E+04    0.3551349E-06
    1    0.8443761E+00    0.2313481E+00    0.6378535E+00    0.4455233E-03   -0.4981967E-03    0.3695501E-03    0.4518652E+04    0.1476635E-05
    2    0.6890101E+00    0.8354358E+00    0.3413702E+00    0.2963765E-03    0.1579305E-02    0.8680141E-03    0.2584092E+05    0.9436441E-06
    1    0.2464816E+00    0.9031575E+00    0.6618890E+00    0.5622650E-04    0.5728634E-04    0.7381061E-03    0.4270628E+04   -0.6595914E-06
    2    0.5123084E+00    0.5460132E+00    0.1454628E+00   -0.1203883E-03    0.1167749E-03   -0.1008717E-03    0.2967575E+03   -0.3484736E-06
    1    0.9057574E+00    0.1892708E+00    0.4535376E+00    0.8801767E-03   -0.4584447E-03   -0.1131348E-04    0.7631132E+04    0.1456890E-05
    2    0.4705377E+00    0.3947269E+00    0.5948764E+00   -0.4485006E-03    0.1212248E-02    0.3653700E-03    0.1397754E+05    0.3076939E-06
    1    0.8697773E-01    0.9306680E+00    0.5422644E+00    0.8289010E-03   -0.1154817E-02   -0.6400249E-03    0.1882825E+05   -0.2575472E-06
    2    0.1004739E+00    0.9144936E+00    0.2140739E+00    0.3286938E-03    0.3068972E-03   -0.4558223E-03    0.3176372E+04   -0.3325464E-06
    1    0.5210687E+00    0.8277262E+00    0.3146235E+00   -0.5455870E-03    0.3628611E-03    0.3871929E-03    0.4487613E+04   -0.2493303E-06
    2    0.1244923E+00    0.8098220E+00    0.9996008E+00   -0.3251246E-03   -0.2652175E-03    0.4216448E-03    0.2741218E+04   -0.4048659E-06
    1    0.9339533E-02    0.6646009E+00    0.5289489E+00   -0.4930328E-03    0.1008378E-03   -0.9664102E-03    0.9197532E+04   -0.1496163E-06
    2    0.7026681E+00    0.8252884E+00    0.6947195E+00    0.8253017E-03    0.6881312E-03   -0.3434254E-03    0.9859071E+04   -0.3627990E-07
    1    0.3882387E+00    0.8800105E+00    0.5402784E+00    0.9928085E-03    0.1474872E-04   -0.1171307E-02    0.1826684E+05   -0.4043871E-07
    2    0.3602538E+00    0.3190479E-01    0.9726441E+00   -0.5580015E-03   -0.1702750E-02    0.7620363E-03    0.2937313E+05    0.1655980E-05
    1    0.1588525E+00    0.5031264E+00    0.3163802E+00    0.3924227E-03   -0.2231018E-03   -0.1516966E-03    0.1756937E+04    0.1634633E-06
    2    0.5630494E-01    0.9951325E+00    0.8245082E-02    0.3378498E-03   -0.2912173E-03    0.1681169E-03    0.1760280E+04    0.1084723E-06
    1    0.6300161E+00    0.3965070E+00    0.4889915E+00    0.4570715E-03    0.6175019E-03   -0.8466801E-03    0.1012636E+05   -0.4164314E-07
    2    0.9153700E-01    0.4019403E+00    0.1799564E+00    0.4910465E-03   -0.1156965E-03    0.3236641E-03    0.2783364E+04   -0.9811960E-08
    1    0.6695346E-02    0.6161996E+00    0.7082531E+00   -0.1201128E-02    0.7565972E-03   -0.5149200E-04    0.1563242E+05   -0.8387715E-06
    2    0.1608229E+00    0.5291186E+00    0.9343098E+00    0.1636599E-02    0.4108862E-04   -0.6511872E-05    0.2076410E+05   -0.2143713E-05
    1    0.5379424E+00    0.6977819E+00    0.9836033E+00   -0.6238249E-03    0.5178802E-03    0.1082039E-03    0.5183424E+04   -0.9990743E-09
    2    0.2537470E+00    0.8655241E+00    0.8991562E+00    0.2547172E-03    0.3966482E-03    0.2136750E-02    0.3709318E+05    0.5213559E-06
    1    0.5443214E+00    0.5389435E+00    0.8361872E+00    0.1722399E-03    0.8518279E-03    0.8379097E-03    0.1129062E+05   -0.6492718E-07
    2    0.2506405E+00    0.9931689E+00    0.7502164E-01   -0.6505073E-03    0.1024421E-02   -0.1715637E-02    0.3421195E+05   -0.1599061E-05
    1    0.8741035E+00    0.2405682E+00    0.1652889E+00   -0.6163421E-03    0.8943835E-03    0.9189628E-03    0.1568271E+05   -0.8408700E-07
    2    0.6839257E+00    0.1937128E+00    0.6252163E+00    0.6452469E-03    0.1534442E-02    0.5218641E-03    0.2357645E+05   -0.1742998E-05
    1    0.2049826E+00    0.5077780E+00    0.1129951E+00    0.1410400E-04    0.1943003E-02   -0.1172941E-03    0.2935604E+05    0.7771885E-06
    2    0.3708956E+00    0.9054066E+00    0.3597461E+00   -0.6741225E-03   -0.5833539E-03    0.3289425E-03    0.6995357E+04   -0.1582008E-06
    1    0.6049186E+00    0.2923672E+00    0.7583686E+00    0.4992350E-03   -0.7302741E-03    0.7204018E-03    0.1008317E+05    0.1542073E-06
    2    0.3353312E-01    0.4527906E+00    0.7577330E+00    0.3257405E-03   -0.5554409E-04   -0.1734438E-02    0.2415183E+05    0.1626429E-06
    1    0.8455905E-01    0.2148093E+00    0.2815165E+00    0.1481801E-03   -0.1636786E-03   -0.8863426E-04    0.4385264E+03   -0.1754640E-05
    2    0.2415856E+00    0.1958483E+00    0.2567969E+00   -0.2489055E-03    0.6879408E-03    0.8679585E-04    0.4204825E+04    0.1536917E-05
    1    0.5833574E+00    0.3576463E+00    0.9074613E+00   -0.5529898E-03   -0.7187052E-03    0.3517654E-03    0.7329479E+04   -0.7756670E-07
    2    0.8420455E+00    0.9070568E+00    0.2018923E+00   -0.1172784E-03   -0.3048331E-03    0.3049408E-04    0.8336620E+03    0.8283440E-06
    1    0.6177473E+00    0.4674393E+00    0.6526091E+00    0.1623294E-02   -0.9231559E-03    0.4979998E-03    0.2893837E+05   -0.1363950E-05
    2    0.7256793E+00    0.9972968E+00    0.6852650E+00    0.3010746E-03   -0.5176480E-03   -0.2787219E-03    0.3380061E+04    0.1226824E-06
    1    0.7360599E+00    0.5140103E+00    0.7718865E+00    0.7536389E-04    0.1648630E-03    0.2916028E-03    0.9133375E+03    0.3605526E-06
    2    0.2084598E+00    0.8091489E+00    0.4440426E+00   -0.5457539E-04    0.1658935E-02    0.1305370E-02    0.3454529E+05   -0.5868830E-07
    1    0.9002682E+00    0.8954740E+00    0.4247530E+00   -0.1843416E-03   -0.9431706E-03    0.2370809E-03    0.7590454E+04    0.1769510E-07
    2    0.5742217E+00    0.2172969E+00    0.3483341E+00   -0.1745649E-03   -0.1145408E-02   -0.1712459E-02    0.3311914E+05   -0.1462132E-06
    1    0.7416183E-01    0.6084189E+00    0.1019602E+00   -0.6777267E-03   -0.1293340E-02    0.3945901E-03    0.1772373E+05    0.4788421E-07
    2    0.1033615E+00    0.1096101E+00    0.8805353E+00    0.8656389E-03   -0.9650777E-04   -0.5482678E-03    0.8206222E+04    0.4424856E-08
    1    0.5968650E+00    0.1036756E+00    0.2354389E+00    0.3229625E-04    0.6317941E-03   -0.6300461E-04    0.3131259E+04    0.1598707E-06
    2    0.4276888E+00    0.7167492E+00    0.4592491E+00    0.3087300E-03   -0.4496272E-04   -0.1493762E-02    0.1804074E+05    0.1616265E-06
    1    0.2914690E+00    0.7058190E+00    0.5836651E+00    0.1067861E-02    0.2076825E-02    0.8758374E-03    0.4819277E+05    0.1730116E-05
    2    0.1742391E+00    0.1698753E+00    0.1091619E+00    0.1442173E-02   -0.4141219E-04   -0.1133413E-02    0.2607883E+05    0.1804334E-06
    1    0.2055985E+00    0.9894885E+00    0.3172595E+00   -0.3751281E-03    0.1996179E-03    0.3922332E-03    0.2590802E+04    0.5289109E-06
    2    0.5707166E+00    0.3927478E+00    0.1233629E+00   -0.3958160E-03   -0.1535787E-02   -0.1259389E-03    0.1960966E+05    0.8774014E-07
    1    0.7347811E+00    0.4990205E+00    0.1847261E+00   -0.2997314E-03    0.3590330E-03    0.7547424E-03    0.6107782E+04    0.5937442E-07
    2    0.3588523E+00    0.7394731E+00    0.7518635E+00    0.2579718E-03    0.1144322E-02    0.2896747E-04    0.1066690E+05    0.8949837E-07
    1    0.1495468E+00    0.6700508E+00    0.6418266E+00    0.3659331E-04   -0.1066176E-02    0.1588917E-02    0.2837610E+05   -0.7200889E-06
    2    0.5369040E+00    0.1898611E+00    0.5620239E-01   -0.2424816E-03    0.4303727E-03   -0.3685314E-03    0.2942667E+04   -0.7222841E-06
    1    0.3402000E+00    0.4238838E+00    0.8544823E+00    0.1731802E-03   -0.1642361E-03   -0.1814338E-04    0.4438719E+03   -0.1127518E-06
    2    0.1574589E+00    0.2801713E+00    0.8671046E+00    0.3249191E-03   -0.1034374E-03   -0.1021309E-03    0.9815965E+03   -0.3078354E-05
    1    0.9186796E+00    0.7269460E-01    0.9006997E+00   -0.2557310E-04    0.4620635E-03   -0.1216900E-02    0.1313162E+05   -0.1173585E-07
    2    0.9727110E+00    0.3071901E+00    0.8490768E+00   -0.1586603E-03    0.5716759E-03    0.9996582E-03    0.1046889E+05   -0.2533748E-06
    1    0.3384876E+00    0.4313534E+00    0.3520774E+00   -0.3143079E-03   -0.4895320E-03   -0.5100720E-03    0.4637544E+04   -0.1205520E-05
    2    0.1511014E+00    0.6918406E+00    0.2565416E+00   -0.1233545E-03   -0.8280695E-03    0.4088324E-04    0.5443122E+04   -0.1441061E-06
    1    0.9478774E+00    0.9215800E-01    0.1141878E+00    0.8094049E-03    0.3802506E-03   -0.2036859E-03    0.6517108E+04    0.1805044E-07
    2    0.9331884E+00    0.8316258E+00    0.8587706E+00    0.3034501E-03   -0.3106299E-03   -0.3524402E-04    0.1470546E+04    0.4439985E-06
    1    0.9294474E+00    0.6636278E+00    0.2625557E+00   -0.5007617E-03   -0.7628437E-03   -0.3491709E-03    0.7395634E+04    0.6113954E-06
    2    0.8737537E+00    0.3961757E+00    0.4342130E+00   -0.4009959E-03   -0.2894634E-03    0.2876023E-03    0.2535692E+04   -0.6152989E-06
    1    0.8298351E+00    0.2091929E+00    0.9739299E+00    0.1939088E-02   -0.4406421E-03   -0.4403514E-03    0.3213669E+05   -0.5697169E-07
    2    0.5144256E-01    0.2454041E+00    0.2466001E-01    0.3575532E-03   -0.1642844E-02   -0.4354392E-03    0.2336875E+05   -0.6406851E-06
    1    0.7706867E+00    0.7514490E+00    0.1143920E+00    0.6612076E-03    0.6882821E-03   -0.3237481E-03    0.7869206E+04   -0.4240840E-06
    2    0.5008247E-01    0.9307380E-01    0.5901501E+00   -0.8937421E-03   -0.5484366E-03    0.2596128E-03    0.9040714E+04   -0.8372164E-06
    1    0.4496083E+00    0.5365723E+00    0.3901062E+00    0.4133856E-03    0.6991660E-03   -0.2371828E-03    0.5546855E+04    0.1331520E-05
    2    0.7586348E+00    0.1621212E-01    0.3563510E+00   -0.4296145E-03    0.7066870E-03   -0.3961879E-03    0.6514979E+04   -0.3313326E-07
    1    0.2411131E+00    0.6067904E+00    0.4567329E+00   -0.2215839E-03    0.1393418E-02    0.4290877E-03    0.1684897E+05   -0.2148363E-06
        10        10        10
  0.00000000E+00  0.00000000E+00  0.00000000E+00
  7.52994233E+00  0.00000000E+00  0.00000000E+00
  0.00000000E+00  7.52994233E+00  0.00000000E+00
  0.00000000E+00  0.00000000E+00  7.52994233E+00
  3.00000012E-02
  6.00000024E-02
  1.10000007E-01
  1.80000007E-01
  2.70000011E-01
  3.80000025E-01
  5.09999990E-01
  6.60000026E-01
  8.29999924E-01
  1.01999998E+00
  6.00000061E-02
  9.00000036E-02
  1.40000015E-01
  2.10000008E-01
  3.00000012E-01
  4.10000026E-01
  5.39999962E-01
  6.90000057E-01
  8.59999955E-01
  1.04999995E+00
  1.09999999E-01
  1.40000001E-01
  1.89999998E-01
  2.60000020E-01
  3.49999994E-01
  4.60000008E-01
  5.89999974E-01
  7.40000069E-01
  9.09999967E-01
  1.10000002E+00
  1.80000022E-01
  2.10000023E-01
  2.60000020E-01
  3.30000043E-01
  4.20000017E-01
  5.30000031E-01
  6.59999967E-01
  8.10000062E-01
  9.79999959E-01
  1.17000008E+00
  2.69999981E-01
  2.99999982E-01
  3.49999994E-01
  4.20000017E-01
  5.09999990E-01
  6.20000005E-01
  7.50000000E-01
  9.00000036E-01
  1.06999993E+00
  1.25999999E+00
  3.79999995E-01
  4.09999996E-01
  4.60000008E-01
  5.30000031E-01
  6.20000005E-01
  7.30000019E-01
  8.60000014E-01
  1.00999999E+00
  1.17999995E+00
  1.37000000E+00
  5.09999990E-01
  5.39999962E-01
  5.89999974E-01
  6.59999967E-01
  7.50000000E-01
  8.60000014E-01
  9.89999950E-01
  1.13999999E+00
  1.30999994E+00
  1.50000000E+00
  6.60000026E-01
  6.90000057E-01
  7.40000010E-01
  8.10000062E-01
  9.00000036E-01
  1.00999999E+00
  1.13999999E+00
  1.29000008E+00
  1.46000004E+00
  1.65000010E+00
  8.29999924E-01
  8.59999955E-01
  9.09999967E-01
  9.79999959E-01
  1.06999993E+00
  1.17999995E+00
  1.30999994E+00
  1.46000004E+00
  1.62999988E+00
  1.81999993E+00
  1.01999998E+00
  1.04999995E+00
  1.10000002E+00
  1.16999996E+00
  1.25999999E+00
  1.37000000E+00
  1.50000000E+00
  1.65000010E+00
  1.81999993E+00
  2.00999999E+00
  6.00000061E-02
  9.00000036E-02
  1.40000015E-01
  2.10000008E-01
  3.00000012E-01
  4.10000026E-01
  5.39999962E-01
  6.90000057E-01
  8.59999955E-01
  1.04999995E+00
  9.00000036E-02
  1.20000005E-01
  1.70000017E-01
  2.40000010E-01
  3.30000013E-01
  4.40000027E-01
  5.69999993E-01
  7.20000029E-01
  8.89999926E-01
  1.08000004E+00
  1.40000015E-01
  1.70000017E-01
  2.20000014E-01
  2.90000021E-01
  3.79999995E-01
  4.90000010E-01
  6.20000005E-01
  7.70000041E-01
  9.39999938E-01
  1.13000000E+00
  2.10000023E-01
  2.40000024E-01
  2.90000021E-01
  3.60000014E-01
  4.50000018E-01
  5.60000062E-01
  6.89999998E-01
  8.40000033E-01
  1.00999999E+00
  1.20000005E+00
  2.99999982E-01
  3.29999983E-01
  3.79999995E-01
  4.49999988E-01
  5.39999962E-01
  6.49999976E-01
  7.79999971E-01
  9.30000067E-01
  1.09999990E+00
  1.28999996E+00
  4.09999996E-01
  4.39999998E-01
  4.90000010E-01
  5.60000002E-01
  6.49999976E-01
  7.59999990E-01
  8.89999986E-01
  1.04000008E+00
  1.20999992E+00
  1.39999998E+00
  5.39999962E-01
  5.69999993E-01
  6.20000005E-01
  6.89999998E-01
  7.79999971E-01
  8.89999986E-01
  1.01999998E+00
  1.17000008E+00
  1.33999991E+00
  1.52999997E+00
  6.90000057E-01
  7.20000088E-01
  7.70000100E-01
  8.40000093E-01
  9.30000067E-01
  1.04000008E+00
  1.17000008E+00
  1.32000017E+00
  1.49000001E+00
  1.68000007E+00
  8.59999955E-01
  8.89999986E-01
  9.39999938E-01
  1.00999999E+00
  1.09999990E+00
  1.21000004E+00
  1.33999991E+00
  1.49000001E+00
  1.65999985E+00
  1.84999990E+00
  1.04999995E+00
  1.07999992E+00
  1.13000000E+00
  1.19999993E+00
  1.28999996E+00
  1.39999998E+00
  1.52999997E+00
  1.68000007E+00
  1.84999990E+00
  2.03999996E+00
  1.09999999E-01
  1.40000001E-01
  1.89999998E-01
  2.60000020E-01
  3.49999994E-01
  4.60000008E-01
  5.89999974E-01
  7.40000069E-01
  9.09999967E-01
  1.10000002E+00
  1.40000015E-01
  1.70000017E-01
  2.20000014E-01
  2.90000021E-01
  3.79999995E-01
  4.90000010E-01
  6.20000005E-01
  7.70000041E-01
  9.39999938E-01
  1.13000000E+00
  1.90000013E-01
  2.20000014E-01
  2.70000011E-01
  3.40000033E-01
  4.30000007E-01
  5.40000021E-01
  6.69999957E-01
  8.20000052E-01
  9.89999950E-01
  1.18000007E+00
  2.59999990E-01
  2.89999992E-01
  3.40000004E-01
  4.10000026E-01
  5.00000000E-01
  6.10000014E-01
  7.40000010E-01
  8.90000045E-01
  1.05999994E+00
  1.25000000E+00
  3.49999994E-01
  3.79999995E-01
  4.30000007E-01
  5.00000000E-01
  5.90000033E-01
  7.00000048E-01
  8.29999983E-01
  9.80000019E-01
  1.14999998E+00
  1.34000003E+00
  4.60000008E-01
  4.90000010E-01
  5.40000021E-01
  6.10000014E-01
  7.00000048E-01
  8.10000062E-01
  9.39999998E-01
  1.09000003E+00
  1.25999999E+00
  1.45000005E+00
  5.89999974E-01
  6.20000005E-01
  6.69999957E-01
  7.40000010E-01
  8.29999983E-01
  9.39999998E-01
  1.06999993E+00
  1.22000003E+00
  1.38999987E+00
  1.57999992E+00
  7.40000010E-01
  7.70000041E-01
  8.20000052E-01
  8.90000045E-01
  9.80000019E-01
  1.09000003E+00
  1.22000003E+00
  1.37000012E+00
  1.53999996E+00
  1.73000002E+00
  9.09999967E-01
  9.39999998E-01
  9.90000010E-01
  1.05999994E+00
  1.14999998E+00
  1.25999999E+00
  1.38999999E+00
  1.53999996E+00
  1.70999992E+00
  1.89999998E+00
  1.10000002E+00
  1.13000000E+00
  1.18000007E+00
  1.25000000E+00
  1.34000003E+00
  1.45000005E+00
  1.58000004E+00
  1.73000002E+00
  1.89999998E+00
  2.09000015E+00
  1.80000022E-01
  2.10000023E-01
  2.60000020E-01
  3.30000043E-01
  4.20000017E-01
  5.30000031E-01
  6.59999967E-01
  8.10000062E-01
  9.79999959E-01
  1.17000008E+00
  2.10000023E-01
  2.40000024E-01
  2.90000021E-01
  3.60000014E-01
  4.50000018E-01
  5.60000062E-01
  6.89999998E-01
  8.40000033E-01
  1.00999999E+00
  1.20000005E+00
  2.59999990E-01
  2.89999992E-01
  3.40000004E-01
  4.10000026E-01
  5.00000000E-01
  6.10000014E-01
  7.40000010E-01
  8.90000045E-01
  1.05999994E+00
  1.25000000E+00
  3.30000013E-01
  3.60000014E-01
  4.10000026E-01
  4.80000019E-01
  5.70000052E-01
  6.80000067E-01
  8.10000002E-01
  9.60000038E-01
  1.13000000E+00
  1.32000005E+00
  4.20000017E-01
  4.50000018E-01
  5.00000000E-01
  5.70000052E-01
  6.60000026E-01
  7.70000041E-01
  8.99999976E-01
  1.05000007E+00
  1.22000003E+00
  1.41000009E+00
  5.30000031E-01
  5.60000062E-01
  6.10000014E-01
  6.80000067E-01
  7.70000041E-01
  8.80000055E-01
  1.00999999E+00
  1.16000009E+00
  1.32999992E+00
  1.51999998E+00
  6.59999967E-01
  6.89999998E-01
  7.40000010E-01
  8.10000002E-01
  8.99999976E-01
  1.00999999E+00
  1.13999999E+00
  1.28999996E+00
  1.45999992E+00
  1.64999998E+00
  8.10000062E-01
  8.40000093E-01
  8.90000105E-01
  9.60000098E-01
  1.05000007E+00
  1.16000009E+00
  1.29000008E+00
  1.44000006E+00
  1.61000001E+00
  1.80000007E+00
  9.79999959E-01
  1.00999999E+00
  1.05999994E+00
  1.13000000E+00
  1.22000003E+00
  1.32999992E+00
  1.45999992E+00
  1.61000001E+00
  1.77999997E+00
  1.97000003E+00
  1.16999996E+00
  1.19999993E+00
  1.25000000E+00
  1.31999993E+00
  1.40999997E+00
  1.51999998E+00
  1.64999998E+00
  1.79999995E+00
  1.96999991E+00
  2.15999985E+00
  2.69999981E-01
  2.99999982E-01
  3.49999994E-01
  4.20000017E-01
  5.09999990E-01
  6.20000005E-01
  7.50000000E-01
  9.00000036E-01
  1.06999993E+00
  1.25999999E+00
  2.99999982E-01
  3.29999983E-01
  3.79999995E-01
  4.49999988E-01
  5.39999962E-01
  6.49999976E-01
  7.79999971E-01
  9.30000067E-01
  1.09999990E+00
  1.28999996E+00
  3.49999994E-01
  3.79999995E-01
  4.30000007E-01
  5.00000000E-01
  5.90000033E-01
  7.00000048E-01
  8.29999983E-01
  9.80000019E-01
  1.14999998E+00
  1.34000003E+00
  4.20000017E-01
  4.50000018E-01
  5.00000000E-01
  5.70000052E-01
  6.60000026E-01
  7.70000041E-01
  8.99999976E-01
  1.05000007E+00
  1.22000003E+00
  1.41000009E+00
  5.09999990E-01
  5.40000021E-01
  5.90000033E-01
  6.60000026E-01
  7.50000000E-01
  8.60000014E-01
  9.90000010E-01
  1.14000010E+00
  1.30999994E+00
  1.50000000E+00
  6.20000005E-01
  6.50000036E-01
  7.00000048E-01
  7.70000041E-01
  8.60000014E-01
  9.70000029E-01
  1.10000002E+00
  1.25000000E+00
  1.41999996E+00
  1.61000001E+00
  7.50000000E-01
  7.80000031E-01
  8.30000043E-01
  9.00000036E-01
  9.90000010E-01
  1.10000002E+00
  1.23000002E+00
  1.38000011E+00
  1.54999995E+00
  1.74000001E+00
  9.00000036E-01
  9.30000067E-01
  9.80000019E-01
  1.05000007E+00
  1.14000010E+00
  1.25000000E+00
  1.38000000E+00
  1.53000009E+00
  1.70000005E+00
  1.89000010E+00
  1.06999993E+00
  1.09999990E+00
  1.14999998E+00
  1.21999991E+00
  1.30999994E+00
  1.41999996E+00
  1.54999995E+00
  1.70000005E+00
  1.86999989E+00
  2.05999994E+00
  1.25999999E+00
  1.28999996E+00
  1.34000003E+00
  1.40999997E+00
  1.50000000E+00
  1.61000001E+00
  1.74000001E+00
  1.89000010E+00
  2.05999994E+00
  2.25000000E+00
  3.79999995E-01
  4.09999996E-01
  4.60000008E-01
  5.30000031E-01
  6.20000005E-01
  7.30000019E-01
  8.60000014E-01
  1.00999999E+00
  1.17999995E+00
  1.37000000E+00
  4.09999996E-01
  4.39999998E-01
  4.90000010E-01
  5.60000002E-01
  6.49999976E-01
  7.59999990E-01
  8.89999986E-01
  1.04000008E+00
  1.20999992E+00
  1.39999998E+00
  4.60000008E-01
  4.90000010E-01
  5.40000021E-01
  6.10000014E-01
  7.00000048E-01
  8.10000062E-01
  9.39999998E-01
  1.09000003E+00
  1.25999999E+00
  1.45000005E+00
  5.30000031E-01
  5.60000062E-01
  6.10000014E-01
  6.80000067E-01
  7.70000041E-01
  8.80000055E-01
  1.00999999E+00
  1.16000009E+00
  1.32999992E+00
  1.51999998E+00
  6.20000005E-01
  6.50000036E-01
  7.00000048E-01
  7.70000041E-01
  8.60000014E-01
  9.70000029E-01
  1.10000002E+00
  1.25000000E+00
  1.41999996E+00
  1.61000001E+00
  7.30000019E-01
  7.60000050E-01
  8.10000062E-01
  8.80000055E-01
  9.70000029E-01
  1.08000004E+00
  1.21000004E+00
  1.36000013E+00
  1.52999997E+00
  1.72000003E+00
  8.60000014E-01
  8.90000045E-01
  9.40000057E-01
  1.00999999E+00
  1.10000002E+00
  1.21000004E+00
  1.34000003E+00
  1.49000001E+00
  1.65999997E+00
  1.85000002E+00
  1.00999999E+00
  1.03999996E+00
  1.09000003E+00
  1.15999997E+00
  1.25000000E+00
  1.36000001E+00
  1.49000001E+00
  1.64000010E+00
  1.80999994E+00
  2.00000000E+00
  1.17999995E+00
  1.20999992E+00
  1.25999999E+00
  1.32999992E+00
  1.41999996E+00
  1.52999997E+00
  1.65999997E+00
  1.80999994E+00
  1.97999990E+00
  2.17000008E+00
  1.37000000E+00
  1.39999998E+00
  1.45000005E+00
  1.51999998E+00
  1.61000001E+00
  1.72000003E+00
  1.85000002E+00
  2.00000000E+00
  2.17000008E+00
  2.36000013E+00
  5.09999990E-01
  5.39999962E-01
  5.89999974E-01
  6.59999967E-01
  7.50000000E-01
  8.60000014E-01
  9.89999950E-01
  1.13999999E+00
  1.30999994E+00
  1.50000000E+00
  5.39999962E-01
  5.69999993E-01
  6.20000005E-01
  6.89999998E-01
  7.79999971E-01
  8.89999986E-01
  1.01999998E+00
  1.17000008E+00
  1.33999991E+00
  1.52999997E+00
  5.89999974E-01
  6.20000005E-01
  6.69999957E-01
  7.40000010E-01
  8.29999983E-01
  9.39999998E-01
  1.06999993E+00
  1.22000003E+00
  1.38999987E+00
  1.57999992E+00
  6.59999967E-01
  6.89999998E-01
  7.40000010E-01
  8.10000002E-01
  8.99999976E-01
  1.00999999E+00
  1.13999999E+00
  1.28999996E+00
  1.45999992E+00
  1.64999998E+00
  7.50000000E-01
  7.80000031E-01
  8.30000043E-01
  9.00000036E-01
  9.90000010E-01
  1.10000002E+00
  1.23000002E+00
  1.38000011E+00
  1.54999995E+00
  1.74000001E+00
  8.60000014E-01
  8.90000045E-01
  9.40000057E-01
  1.00999999E+00
  1.10000002E+00
  1.21000004E+00
  1.34000003E+00
  1.49000001E+00
  1.65999997E+00
  1.85000002E+00
  9.89999950E-01
  1.01999998E+00
  1.06999993E+00
  1.13999999E+00
  1.23000002E+00
  1.33999991E+00
  1.46999991E+00
  1.62000000E+00
  1.78999996E+00
  1.98000002E+00
  1.13999999E+00
  1.16999996E+00
  1.22000003E+00
  1.28999996E+00
  1.38000000E+00
  1.49000001E+00
  1.62000000E+00
  1.76999998E+00
  1.93999994E+00
  2.13000011E+00
  1.30999994E+00
  1.33999991E+00
  1.38999999E+00
  1.45999992E+00
  1.54999995E+00
  1.65999997E+00
  1.78999996E+00
  1.94000006E+00
  2.10999990E+00
  2.29999995E+00
  1.50000000E+00
  1.52999997E+00
  1.58000004E+00
  1.64999998E+00
  1.74000001E+00
  1.85000002E+00
  1.98000002E+00
  2.13000011E+00
  2.29999995E+00
  2.49000001E+00
  6.60000026E-01
  6.90000057E-01
  7.40000010E-01
  8.10000062E-01
  9.00000036E-01
  1.00999999E+00
  1.13999999E+00
  1.29000008E+00
  1.46000004E+00
  1.65000010E+00
  6.90000057E-01
  7.20000088E-01
  7.70000100E-01
  8.40000093E-01
  9.30000067E-01
  1.04000008E+00
  1.17000008E+00
  1.32000017E+00
  1.49000001E+00
  1.68000007E+00
  7.40000010E-01
  7.70000041E-01
  8.20000052E-01
  8.90000045E-01
  9.80000019E-01
  1.09000003E+00
  1.22000003E+00
  1.37000012E+00
  1.53999996E+00
  1.73000002E+00
  8.10000062E-01
  8.40000093E-01
  8.90000105E-01
  9.60000098E-01
  1.05000007E+00
  1.16000009E+00
  1.29000008E+00
  1.44000006E+00
  1.61000001E+00
  1.80000007E+00
  9.00000036E-01
  9.30000067E-01
  9.80000019E-01
  1.05000007E+00
  1.14000010E+00
  1.25000000E+00
  1.38000000E+00
  1.53000009E+00
  1.70000005E+00
  1.89000010E+00
  1.00999999E+00
  1.03999996E+00
  1.09000003E+00
  1.15999997E+00
  1.25000000E+00
  1.36000001E+00
  1.49000001E+00
  1.64000010E+00
  1.80999994E+00
  2.00000000E+00
  1.13999999E+00
  1.16999996E+00
  1.22000003E+00
  1.28999996E+00
  1.38000000E+00
  1.49000001E+00
  1.62000000E+00
  1.76999998E+00
  1.93999994E+00
  2.13000011E+00
  1.29000008E+00
  1.32000005E+00
  1.37000012E+00
  1.44000006E+00
  1.53000009E+00
  1.64000010E+00
  1.77000010E+00
  1.92000008E+00
  2.09000015E+00
  2.28000021E+00
  1.46000004E+00
  1.49000001E+00
  1.54000008E+00
  1.61000001E+00
  1.70000005E+00
  1.81000006E+00
  1.94000006E+00
  2.09000015E+00
  2.25999999E+00
  2.45000005E+00
  1.65000010E+00
  1.68000007E+00
  1.73000014E+00
  1.80000007E+00
  1.89000010E+00
  2.00000000E+00
  2.13000011E+00
  2.28000021E+00
  2.45000005E+00
  2.64000010E+00
  8.29999924E-01
  8.59999955E-01
  9.09999967E-01
  9.79999959E-01
  1.06999993E+00
  1.17999995E+00
  1.30999994E+00
  1.46000004E+00
  1.62999988E+00
  1.81999993E+00
  8.59999955E-01
  8.89999986E-01
  9.39999938E-01
  1.00999999E+00
  1.09999990E+00
  1.21000004E+00
  1.33999991E+00
  1.49000001E+00
  1.65999985E+00
  1.84999990E+00
  9.09999967E-01
  9.39999998E-01
  9.90000010E-01
  1.05999994E+00
  1.14999998E+00
  1.25999999E+00
  1.38999999E+00
  1.53999996E+00
  1.70999992E+00
  1.89999998E+00
  9.79999959E-01
  1.00999999E+00
  1.05999994E+00
  1.13000000E+00
  1.22000003E+00
  1.32999992E+00
  1.45999992E+00
  1.61000001E+00
  1.77999997E+00
  1.97000003E+00
  1.06999993E+00
  1.09999990E+00
  1.14999998E+00
  1.21999991E+00
  1.30999994E+00
  1.41999996E+00
  1.54999995E+00
  1.70000005E+00
  1.86999989E+00
  2.05999994E+00
  1.17999995E+00
  1.20999992E+00
  1.25999999E+00
  1.32999992E+00
  1.41999996E+00
  1.52999997E+00
  1.65999997E+00
  1.80999994E+00
  1.97999990E+00
  2.17000008E+00
  1.30999994E+00
  1.33999991E+00
  1.38999999E+00
  1.45999992E+00
  1.54999995E+00
  1.65999997E+00
  1.78999996E+00
  1.94000006E+00
  2.10999990E+00
  2.29999995E+00
  1.46000004E+00
  1.49000001E+00
  1.54000008E+00
  1.61000001E+00
  1.70000005E+00
  1.81000006E+00
  1.94000006E+00
  2.09000015E+00
  2.25999999E+00
  2.45000005E+00
  1.62999988E+00
  1.65999985E+00
  1.70999992E+00
  1.77999985E+00
  1.86999989E+00
  1.97999990E+00
  2.10999990E+00
  2.25999999E+00
  2.42999983E+00
  2.61999989E+00
  1.81999993E+00
  1.84999990E+00
  1.89999998E+00
  1.96999991E+00
  2.05999994E+00
  2.17000008E+00
  2.29999995E+00
  2.45000005E+00
  2.61999989E+00
  2.80999994E+00
  1.01999998E+00
  1.04999995E+00
  1.10000002E+00
  1.16999996E+00
  1.25999999E+00
  1.37000000E+00
  1.50000000E+00
  1.65000010E+00
  1.81999993E+00
  2.00999999E+00
  1.04999995E+00
  1.07999992E+00
  1.13000000E+00
  1.19999993E+00
  1.28999996E+00
  1.39999998E+00
  1.52999997E+00
  1.68000007E+00
  1.84999990E+00
  2.03999996E+00
  1.10000002E+00
  1.13000000E+00
  1.18000007E+00
  1.25000000E+00
  1.34000003E+00
  1.45000005E+00
  1.58000004E+00
  1.73000002E+00
  1.89999998E+00
  2.09000015E+00
  1.16999996E+00
  1.19999993E+00
  1.25000000E+00
  1.31999993E+00
  1.40999997E+00
  1.51999998E+00
  1.64999998E+00
  1.79999995E+00
  1.96999991E+00
  2.15999985E+00
  1.25999999E+00
  1.28999996E+00
  1.34000003E+00
  1.40999997E+00
  1.50000000E+00
  1.61000001E+00
  1.74000001E+00
  1.89000010E+00
  2.05999994E+00
  2.25000000E+00
  1.37000000E+00
  1.39999998E+00
  1.45000005E+00
  1.51999998E+00
  1.61000001E+00
  1.72000003E+00
  1.85000002E+00
  2.00000000E+00
  2.17000008E+00
  2.36000013E+00
  1.50000000E+00
  1.52999997E+00
  1.58000004E+00
  1.64999998E+00
  1.74000001E+00
  1.85000002E+00
  1.98000002E+00
  2.13000011E+00
  2.29999995E+00
  2.49000001E+00
  1.65000010E+00
  1.68000007E+00
  1.73000014E+00
  1.80000007E+00
  1.89000010E+00
  2.00000000E+00
  2.13000011E+00
  2.28000021E+00
  2.45000005E+00
  2.64000010E+00
  1.81999993E+00
  1.84999990E+00
  1.89999998E+00
  1.96999991E+00
  2.05999994E+00
  2.17000008E+00
  2.29999995E+00
  2.45000005E+00
  2.61999989E+00
  2.80999994E+00
  2.00999999E+00
  2.03999996E+00
  2.08999991E+00
  2.16000009E+00
  2.25000000E+00
  2.36000013E+00
  2.49000001E+00
  2.64000010E+00
  2.80999994E+00
  3.00000000E+00
        10        10        10
  1.50598847E+01  1.50598847E+01  1.50598847E+01
  7.52994233E+00  0.00000000E+00  0.00000000E+00
  0.00000000E+00  7.52994233E+00  0.00000000E+00
  0.00000000E+00  0.00000000E+00  7.52994233E+00
  3.00000012E-02
  6.00000024E-02
  1.10000007E-01
  1.80000007E-01
  2.70000011E-01
  3.80000025E-01
  5.09999990E-01
  6.60000026E-01
  8.29999924E-01
  1.01999998E+00
  6.00000061E-02
  9.00000036E-02
  1.40000015E-01
  2.10000008E-01
  3.00000012E-01
  4.10000026E-01
  5.39999962E-01
  6.90000057E-01
  8.59999955E-01
  1.04999995E+00
  1.09999999E-01
  1.40000001E-01
  1.89999998E-01
  2.60000020E-01
  3.49999994E-01
  4.60000008E-01
  5.89999974E-01
  7.40000069E-01
  9.09999967E-01
  1.10000002E+00
  1.80000022E-01
  2.10000023E-01
  2.60000020E-01
  3.30000043E-01
  4.20000017E-01
  5.30000031E-01
  6.59999967E-01
  8.10000062E-01
  9.79999959E-01
  1.17000008E+00
  2.69999981E-01
  2.99999982E-01
  3.49999994E-01
  4.20000017E-01
  5.09999990E-01
  6.20000005E-01
  7.50000000E-01
  9.00000036E-01
  1.06999993E+00
  1.25999999E+00
  3.79999995E-01
  4.09999996E-01
  4.60000008E-01
  5.30000031E-01
  6.20000005E-01
  7.30000019E-01
  8.60000014E-01
  1.00999999E+00
  1.17999995E+00
  1.37000000E+00
  5.09999990E-01
  5.39999962E-01
  5.89999974E-01
  6.59999967E-01
  7.50000000E-01
  8.60000014E-01
  9.89999950E-01
  1.13999999E+00
  1.30999994E+00
  1.50000000E+00
  6.60000026E-01
  6.90000057E-01
  7.40000010E-01
  8.10000062E-01
  9.00000036E-01
  1.00999999E+00
  1.13999999E+00
  1.29000008E+00
  1.46000004E+00
  1.65000010E+00
  8.29999924E-01
  8.59999955E-01
  9.09999967E-01
  9.79999959E-01
  1.06999993E+00
  1.17999995E+00
  1.30999994E+00
  1.46000004E+00
  1.62999988E+00
  1.81999993E+00
  1.01999998E+00
  1.04999995E+00
  1.10000002E+00
  1.16999996E+00
  1.25999999E+00
  1.37000000E+00
  1.50000000E+00
  1.65000010E+00
  1.81999993E+00
  2.00999999E+00
  6.00000061E-02
  9.00000036E-02
  1.40000015E-01
  2.10000008E-01
  3.00000012E-01
  4.10000026E-01
  5.39999962E-01
  6.90000057E-01
  8.59999955E-01
  1.04999995E+00
  9.00000036E-02
  1.20000005E-01
  1.70000017E-01
  2.40000010E-01
  3.30000013E-01
  4.40000027E-01
  5.69999993E-01
  7.20000029E-01
  8.89999926E-01
  1.08000004E+00
  1.40000015E-01
  1.70000017E-01
  2.20000014E-01
  2.90000021E-01
  3.79999995E-01
  4.90000010E-01
  6.20000005E-01
  7.70000041E-01
  9.39999938E-01
  1.13000000E+00
  2.10000023E-01
  2.40000024E-01
  2.90000021E-01
  3.60000014E-01
  4.50000018E-01
  5.60000062E-01
  6.89999998E-01
  8.40000033E-01
  1.00999999E+00
  1.20000005E+00
  2.99999982E-01
  3.29999983E-01
  3.79999995E-01
  4.49999988E-01
  5.39999962E-01
  6.49999976E-01
  7.79999971E-01
  9.30000067E-01
  1.09999990E+00
  1.28999996E+00
  4.09999996E-01
  4.39999998E-01
  4.90000010E-01
  5.60000002E-01
  6.49999976E-01
  7.59999990E-01
  8.89999986E-01
  1.04000008E+00
  1.20999992E+00
  1.39999998E+00
  5.39999962E-01
  5.69999993E-01
  6.20000005E-01
  6.89999998E-01
  7.79999971E-01
  8.89999986E-01
  1.01999998E+00
  1.17000008E+00
  1.33999991E+00
  1.52999997E+00
  6.90000057E-01
  7.20000088E-01
  7.70000100E-01
  8.40000093E-01
  9.30000067E-01
  1.04000008E+00
  1.17000008E+00
  1.32000017E+00
  1.49000001E+00
  1.68000007E+00
  8.59999955E-01
  8.89999986E-01
  9.39999938E-01
  1.00999999E+00
  1.09999990E+00
  1.21000004E+00
  1.33999991E+00
  1.49000001E+00
  1.65999985E+00
  1.84999990E+00
  1.04999995E+00
  1.07999992E+00
  1.13000000E+00
  1.19999993E+00
  1.28999996E+00
  1.39999998E+00
  1.52999997E+00
  1.68000007E+00
  1.84999990E+00
  2.03999996E+00
  1.09999999E-01
  1.40000001E-01
  1.89999998E-01
  2.60000020E-01
  3.49999994E-01
  4.60000008E-01
  5.89999974E-01
  7.40000069E-01
  9.09999967E-01
  1.10000002E+00
  1.40000015E-01
  1.70000017E-01
  2.20000014E-01
  2.90000021E-01
  3.79999995E-01
  4.90000010E-01
  6.20000005E-01
  7.70000041E-01
  9.39999938E-01
  1.13000000E+00
  1.90000013E-01
  2.20000014E-01
  2.70000011E-01
  3.40000033E-01
  4.30000007E-01
  5.40000021E-01
  6.69999957E-01
  8.20000052E-01
  9.89999950E-01
  1.18000007E+00
  2.59999990E-01
  2.89999992E-01
  3.40000004E-01
  4.10000026E-01
  5.00000000E-01
  6.10000014E-01
  7.40000010E-01
  8.90000045E-01
  1.05999994E+00
  1.25000000E+00
  3.49999994E-01
  3.79999995E-01
  4.30000007E-01
  5.00000000E-01
  5.90000033E-01
  7.00000048E-01
  8.29999983E-01
  9.80000019E-01
  1.14999998E+00
  1.34000003E+00
  4.60000008E-01
  4.90000010E-01
  5.40000021E-01
  6.10000014E-01
  7.00000048E-01
  8.10000062E-01
  9.39999998E-01
  1.09000003E+00
  1.25999999E+00
  1.45000005E+00
  5.89999974E-01
  6.20000005E-01
  6.69999957E-01
  7.40000010E-01
  8.29999983E-01
  9.39999998E-01
  1.06999993E+00
  1.22000003E+00
  1.38999987E+00
  1.57999992E+00
  7.40000010E-01
  7.70000041E-01
  8.20000052E-01
  8.90000045E-01
  9.80000019E-01
  1.09000003E+00
  1.22000003E+00
  1.37000012E+00
  1.53999996E+00
  1.73000002E+00
  9.09999967E-01
  9.39999998E-01
  9.90000010E-01
  1.05999994E+00
  1.14999998E+00
  1.25999999E+00
  1.38999999E+00
  1.53999996E+00
  1.70999992E+00
  1.89999998E+00
  1.10000002E+00
  1.13000000E+00
  1.18000007E+00
  1.25000000E+00
  1.34000003E+00
  1.45000005E+00
  1.58000004E+00
  1.73000002E+00
  1.89999998E+00
  2.09000015E+00
  1.80000022E-01
  2.10000023E-01
  2.60000020E-01
  3.30000043E-01
  4.20000017E-01
  5.30000031E-01
  6.59999967E-01
  8.10000062E-01
  9.79999959E-01
  1.17000008E+00
  2.10000023E-01
  2.40000024E-01
  2.90000021E-01
  3.60000014E-01
  4.50000018E-01
  5.60000062E-01
  6.89999998E-01
  8.40000033E-01
  1.00999999E+00
  1.20000005E+00
  2.59999990E-01
  2.89999992E-01
  3.40000004E-01
  4.10000026E-01
  5.00000000E-01
  6.10000014E-01
  7.40000010E-01
  8.90000045E-01
  1.05999994E+00
  1.25000000E+00
  3.30000013E-01
  3.60000014E-01
  4.10000026E-01
  4.80000019E-01
  5.70000052E-01
  6.80000067E-01
  8.10000002E-01
  9.60000038E-01
  1.13000000E+00
  1.32000005E+00
  4.20000017E-01
  4.50000018E-01
  5.00000000E-01
  5.70000052E-01
  6.60000026E-01
  7.70000041E-01
  8.99999976E-01
  1.05000007E+00
  1.22000003E+00
  1.41000009E+00
  5.30000031E-01
  5.60000062E-01
  6.10000014E-01
  6.80000067E-01
  7.70000041E-01
  8.80000055E-01
  1.00999999E+00
  1.16000009E+00
  1.32999992E+00
  1.51999998E+00
  6.59999967E-01
  6.89999998E-01
  7.40000010E-01
  8.10000002E-01
  8.99999976E-01
  1.00999999E+00
  1.13999999E+00
  1.28999996E+00
  1.45999992E+00
  1.64999998E+00
  8.10000062E-01
  8.40000093E-01
  8.90000105E-01
  9.60000098E-01
  1.05000007E+00
  1.16000009E+00
  1.29000008E+00
  1.44000006E+00
  1.61000001E+00
  1.80000007E+00
  9.79999959E-01
  1.00999999E+00
  1.05999994E+00
  1.13000000E+00
  1.22000003E+00
  1.32999992E+00
  1.45999992E+00
  1.61000001E+00
  1.77999997E+00
  1.97000003E+00
  1.16999996E+00
  1.19999993E+00
  1.25000000E+00
  1.31999993E+00
  1.40999997E+00
  1.51999998E+00
  1.64999998E+00
  1.79999995E+00
  1.96999991E+00
  2.15999985E+00
  2.69999981E-01
  2.99999982E-01
  3.49999994E-01
  4.20000017E-01
  5.09999990E-01
  6.20000005E-01
  7.50000000E-01
  9.00000036E-01
  1.06999993E+00
  1.25999999E+00
  2.99999982E-01
  3.29999983E-01
  3.79999995E-01
  4.49999988E-01
  5.39999962E-01
  6.49999976E-01
  7.79999971E-01
  9.30000067E-01
  1.09999990E+00
  1.28999996E+00
  3.49999994E-01
  3.79999995E-01
  4.30000007E-01
  5.00000000E-01
  5.90000033E-01
  7.00000048E-01
  8.29999983E-01
  9.80000019E-01
  1.14999998E+00
  1.34000003E+00
  4.20000017E-01
  4.50000018E-01
  5.00000000E-01
  5.70000052E-01
  6.60000026E-01
  7.70000041E-01
  8.99999976E-01
  1.05000007E+00
  1.22000003E+00
  1.41000009E+00
  5.09999990E-01
  5.40000021E-01
  5.90000033E-01
  6.60000026E-01
  7.50000000E-01
  8.60000014E-01
  9.90000010E-01
  1.14000010E+00
  1.30999994E+00
  1.50000000E+00
  6.20000005E-01
  6.50000036E-01
  7.00000048E-01
  7.70000041E-01
  8.60000014E-01
  9.70000029E-01
  1.10000002E+00
  1.25000000E+00
  1.41999996E+00
  1.61000001E+00
  7.50000000E-01
  7.80000031E-01
  8.30000043E-01
  9.00000036E-01
  9.90000010E-01
  1.10000002E+00
  1.23000002E+00
  1.38000011E+00
  1.54999995E+00
  1.74000001E+00
  9.00000036E-01
  9.30000067E-01
  9.80000019E-01
  1.05000007E+00
  1.14000010E+00
  1.25000000E+00
  1.38000000E+00
  1.53000009E+00
  1.70000005E+00
  1.89000010E+00
  1.06999993E+00
  1.09999990E+00
  1.14999998E+00
  1.21999991E+00
  1.30999994E+00
  1.41999996E+00
  1.54999995E+00
  1.70000005E+00
  1.86999989E+00
  2.05999994E+00
  1.25999999E+00
  1.28999996E+00
  1.34000003E+00
  1.40999997E+00
  1.50000000E+00
  1.61000001E+00
  1.74000001E+00
  1.89000010E+00
  2.05999994E+00
  2.25000000E+00
  3.79999995E-01
  4.09999996E-01
  4.60000008E-01
  5.30000031E-01
  6.20000005E-01
  7.30000019E-01
  8.60000014E-01
  1.00999999E+00
  1.17999995E+00
  1.37000000E+00
  4.09999996E-01
  4.39999998E-01
  4.90000010E-01
  5.60000002E-01
  6.49999976E-01
  7.59999990E-01
  8.89999986E-01
  1.04000008E+00
  1.20999992E+00
  1.39999998E+00
  4.60000008E-01
  4.90000010E-01
  5.40000021E-01
  6.10000014E-01
  7.00000048E-01
  8.10000062E-01
  9.39999998E-01
  1.09000003E+00
  1.25999999E+00
  1.45000005E+00
  5.30000031E-01
  5.60000062E-01
  6.10000014E-01
  6.80000067E-01
  7.70000041E-01
  8.80000055E-01
  1.00999999E+00
  1.16000009E+00
  1.32999992E+00
  1.51999998E+00
  6.20000005E-01
  6.50000036E-01
  7.00000048E-01
  7.70000041E-01
  8.60000014E-01
  9.70000029E-01
  1.10000002E+00
  1.25000000E+00
  1.41999996E+00
  1.61000001E+00
  7.30000019E-01
  7.60000050E-01
  8.10000062E-01
  8.80000055E-01
  9.70000029E-01
  1.08000004E+00
  1.21000004E+00
  1.36000013E+00
  1.52999997E+00
  1.72000003E+00
  8.60000014E-01
  8.90000045E-01
  9.40000057E-01
  1.00999999E+00
  1.10000002E+00
  1.21000004E+00
  1.34000003E+00
  1.49000001E+00
  1.65999997E+00
  1.85000002E+00
  1.00999999E+00
  1.03999996E+00
  1.09000003E+00
  1.15999997E+00
  1.25000000E+00
  1.36000001E+00
  1.49000001E+00
  1.64000010E+00
  1.80999994E+00
  2.00000000E+00
  1.17999995E+00
  1.20999992E+00
  1.25999999E+00
  1.32999992E+00
  1.41999996E+00
  1.52999997E+00
  1.65999997E+00
  1.80999994E+00
  1.97999990E+00
  2.17000008E+00
  1.37000000E+00
  1.39999998E+00
  1.45000005E+00
  1.51999998E+00
  1.61000001E+00
  1.72000003E+00
  1.85000002E+00
  2.00000000E+00
  2.17000008E+00
  2.36000013E+00
  5.09999990E-01
  5.39999962E-01
  5.89999974E-01
  6.59999967E-01
  7.50000000E-01
  8.60000014E-01
  9.89999950E-01
  1.13999999E+00
  1.30999994E+00
  1.50000000E+00
  5.39999962E-01
  5.69999993E-01
  6.20000005E-01
  6.89999998E-01
  7.79999971E-01
  8.89999986E-01
  1.01999998E+00
  1.17000008E+00
  1.33999991E+00
  1.52999997E+00
  5.89999974E-01
  6.20000005E-01
  6.69999957E-01
  7.40000010E-01
  8.29999983E-01
  9.39999998E-01
  1.06999993E+00
  1.22000003E+00
  1.38999987E+00
  1.57999992E+00
  6.59999967E-01
  6.89999998E-01
  7.40000010E-01
  8.10000002E-01
  8.99999976E-01
  1.00999999E+00
  1.13999999E+00
  1.28999996E+00
  1.45999992E+00
  1.64999998E+00
  7.50000000E-01
  7.80000031E-01
  8.30000043E-01
  9.00000036E-01
  9.90000010E-01
  1.10000002E+00
  1.23000002E+00
  1.38000011E+00
  1.54999995E+00
  1.74000001E+00
  8.60000014E-01
  8.90000045E-01
  9.40000057E-01
  1.00999999E+00
  1.10000002E+00
  1.21000004E+00
  1.34000003E+00
  1.49000001E+00
  1.65999997E+00
  1.85000002E+00
  9.89999950E-01
  1.01999998E+00
  1.06999993E+00
  1.13999999E+00
  1.23000002E+00
  1.33999991E+00
  1.46999991E+00
  1.62000000E+00
  1.78999996E+00
  1.98000002E+00
  1.13999999E+00
  1.16999996E+00
  1.22000003E+00
  1.28999996E+00
  1.38000000E+00
  1.49000001E+00
  1.62000000E+00
  1.76999998E+00
  1.93999994E+00
  2.13000011E+00
  1.30999994E+00
  1.33999991E+00
  1.38999999E+00
  1.45999992E+00
  1.54999995E+00
  1.65999997E+00
  1.78999996E+00
  1.94000006E+00
  2.10999990E+00
  2.29999995E+00
  1.50000000E+00
  1.52999997E+00
  1.58000004E+00
  1.64999998E+00
  1.74000001E+00
  1.85000002E+00
  1.98000002E+00
  2.13000011E+00
  2.29999995E+00
  2.49000001E+00
  6.60000026E-01
  6.90000057E-01
  7.40000010E-01
  8.10000062E-01
  9.00000036E-01
  1.00999999E+00
  1.13999999E+00
  1.29000008E+00
  1.46000004E+00
  1.65000010E+00
  6.90000057E-01
  7.20000088E-01
  7.70000100E-01
  8.40000093E-01
  9.30000067E-01
  1.04000008E+00
  1.17000008E+00
  1.32000017E+00
  1.49000001E+00
  1.68000007E+00
  7.40000010E-01
  7.70000041E-01
  8.20000052E-01
  8.90000045E-01
  9.80000019E-01
  1.09000003E+00
  1.22000003E+00
  1.37000012E+00
  1.53999996E+00
  1.73000002E+00
  8.10000062E-01
  8.40000093E-01
  8.90000105E-01
  9.60000098E-01
  1.05000007E+00
  1.16000009E+00
  1.29000008E+00
  1.44000006E+00
  1.61000001E+00
  1.80000007E+00
  9.00000036E-01
  9.30000067E-01
  9.80000019E-01
  1.05000007E+00
  1.14000010E+00
  1.25000000E+00
  1.38000000E+00
  1.53000009E+00
  1.70000005E+00
  1.89000010E+00
  1.00999999E+00
  1.03999996E+00
  1.09000003E+00
  1.15999997E+00
  1.25000000E+00
  1.36000001E+00
  1.49000001E+00
  1.64000010E+00
  1.80999994E+00
  2.00000000E+00
  1.13999999E+00
  1.16999996E+00
  1.22000003E+00
  1.28999996E+00
  1.38000000E+00
  1.49000001E+00
  1.62000000E+00
  1.76999998E+00
  1.93999994E+00
  2.13000011E+00
  1.29000008E+00
  1.32000005E+00
  1.37000012E+00
  1.44000006E+00
  1.53000009E+00
  1.64000010E+00
  1.77000010E+00
  1.92000008E+00
  2.09000015E+00
  2.28000021E+00
  1.46000004E+00
  1.49000001E+00
  1.54000008E+00
  1.61000001E+00
  1.70000005E+00
  1.81000006E+00
  1.94000006E+00
  2.09000015E+00
  2.25999999E+00
  2.45000005E+00
  1.65000010E+00
  1.68000007E+00
  1.73000014E+00
  1.80000007E+00
  1.89000010E+00
  2.00000000E+00
  2.13000011E+00
  2.28000021E+00
  2.45000005E+00
  2.64000010E+00
  8.29999924E-01
  8.59999955E-01
  9.09999967E-01
  9.79999959E-01
  1.06999993E+00
  1.17999995E+00
  1.30999994E+00
  1.46000004E+00
  1.62999988E+00
  1.81999993E+00
  8.59999955E-01
  8.89999986E-01
  9.39999938E-01
  1.00999999E+00
  1.09999990E+00
  1.21000004E+00
  1.33999991E+00
  1.49000001E+00
  1.65999985E+00
  1.84999990E+00
  9.09999967E-01
  9.39999998E-01
  9.90000010E-01
  1.05999994E+00
  1.14999998E+00
  1.25999999E+00
  1.38999999E+00
  1.53999996E+00
  1.70999992E+00
  1.89999998E+00
  9.79999959E-01
  1.00999999E+00
  1.05999994E+00
  1.13000000E+00
  1.22000003E+00
  1.32999992E+00
  1.45999992E+00
  1.61000001E+00
  1.77999997E+00
  1.97000003E+00
  1.06999993E+00
  1.09999990E+00
  1.14999998E+00
  1.21999991E+00
  1.30999994E+00
  1.41999996E+00
  1.54999995E+00
  1.70000005E+00
  1.86999989E+00
  2.05999994E+00
  1.17999995E+00
  1.20999992E+00
  1.25999999E+00
  1.32999992E+00
  1.41999996E+00
  1.52999997E+00
  1.65999997E+00
  1.80999994E+00
  1.97999990E+00
  2.17000008E+00
  1.30999994E+00
  1.33999991E+00
  1.38999999E+00
  1.45999992E+00
  1.54999995E+00
  1.65999997E+00
  1.78999996E+00
  1.94000006E+00
  2.10999990E+00
  2.29999995E+00
  1.46000004E+00
  1.49000001E+00
  1.54000008E+00
  1.61000001E+00
  1.70000005E+00
  1.81000006E+00
  1.94000006E+00
  2.09000015E+00
  2.25999999E+00
  2.45000005E+00
  1.62999988E+00
  1.65999985E+00
  1.70999992E+00
  1.77999985E+00
  1.86999989E+00
  1.97999990E+00
  2.10999990E+00
  2.25999999E+00
  2.42999983E+00
  2.61999989E+00
  1.81999993E+00
  1.84999990E+00
  1.89999998E+00
  1.96999991E+00
  2.05999994E+00
  2.17000008E+00
  2.29999995E+00
  2.45000005E+00
  2.61999989E+00
  2.80999994E+00
  1.01999998E+00
  1.04999995E+00
  1.10000002E+00
  1.16999996E+00
  1.25999999E+00
  1.37000000E+00
  1.50000000E+00
  1.65000010E+00
  1.81999993E+00
  2.00999999E+00
  1.04999995E+00
  1.07999992E+00
  1.13000000E+00
  1.19999993E+00
  1.28999996E+00
  1.39999998E+00
  1.52999997E+00
  1.68000007E+00
  1.84999990E+00
  2.03999996E+00
  1.10000002E+00
  1.13000000E+00
  1.18000007E+00
  1.25000000E+00
  1.34000003E+00
  1.45000005E+00
  1.58000004E+00
  1.73000002E+00
  1.89999998E+00
  2.09000015E+00
  1.16999996E+00
  1.19999993E+00
  1.25000000E+00
  1.31999993E+00
  1.40999997E+00
  1.51999998E+00
  1.64999998E+00
  1.79999995E+00
  1.96999991E+00
  2.15999985E+00
  1.25999999E+00
  1.28999996E+00
  1.34000003E+00
  1.40999997E+00
  1.50000000E+00
  1.61000001E+00
  1.74000001E+00
  1.89000010E+00
  2.05999994E+00
  2.25000000E+00
  1.37000000E+00
  1.39999998E+00
  1.45000005E+00
  1.51999998E+00
  1.61000001E+00
  1.72000003E+00
  1.85000002E+00
  2.00000000E+00
  2.17000008E+00
  2.36000013E+00
  1.50000000E+00
  1.52999997E+00
  1.58000004E+00
  1.64999998E+00
  1.74000001E+00
  1.85000002E+00
  1.98000002E+00
  2.13000011E+00
  2.29999995E+00
  2.49000001E+00
  1.65000010E+00
  1.68000007E+00
  1.73000014E+00
  1.80000007E+00
  1.89000010E+00
  2.00000000E+00
  2.13000011E+00
  2.28000021E+00
  2.45000005E+00
  2.64000010E+00
  1.81999993E+00
  1.84999990E+00
  1.89999998E+00
  1.96999991E+00
  2.05999994E+00
  2.17000008E+00
  2.29999995E+00
  2.45000005E+00
  2.61999989E+00
  2.80999994E+00
  2.00999999E+00
  2.03999996E+00
  2.08999991E+00
  2.16000009E+00
  2.25000000E+00
  2.36000013E+00
  2.49000001E+00
  2.64000010E+00
  2.80999994E+00
  3.00000000E+00
