       108         5         2      2000
  3.01197693E+01  0.00000000E+00  0.00000000E+00
  0.00000000E+00  3.01197693E+01  0.00000000E+00
  0.00000000E+00  0.00000000E+00  3.01197693E+01
    2    0.9283630E+00    0.8403361E+00    0.7226750E+00   -0.2948713E-03   -0.7666035E-03   -0.1610242E-03    0.5427410E+04   -0.5217189E-06
    1    0.1393604E+00    0.8123868E+00    0.9036110E+00   -0.1733659E-02    0.7577447E-03    0.2684433E-03    0.2829153E+05    0.1183827E-07
    2    0.5271310E+00    0.5182057E+00    0.3346902E+00    0.2568342E-03    0.5730161E-03    0.3944190E-03    0.4260044E+04    0.2157188E-05
    1    0.3239677E+00    0.7640692E+00    0.1226578E+00    0.8750693E-04   -0.5375161E-03    0.3244189E-03    0.3113070E+04    0.7141228E-08
    2    0.1140290E+00    0.3321105E+00    0.7138451E+00    0.8197925E-03    0.1050918E-03    0.1055696E-02    0.1392646E+05    0.6607028E-06
    1    0.8542829E+00    0.5124189E+00    0.2189004E+00    0.6885871E-04   -0.3701301E-03    0.1509152E-02    0.1874277E+05    0.8886806E-06
    2    0.4491967E+00    0.2736586E+00    0.6633483E+00    0.6091863E-03    0.5864000E-04    0.5536372E-03    0.5276354E+04   -0.1417398E-05
    1    0.7560051E-01    0.6115914E+00    0.9904925E+00   -0.1567689E-03   -0.9143800E-04   -0.7517714E-03    0.4633617E+04   -0.3322258E-06
    2    0.1012206E+00    0.7966845E+00    0.7197480E+00    0.8455790E-03    0.1261912E-02    0.4653575E-03    0.1955396E+05    0.3800172E-06
    1    0.6774897E+00    0.4471029E+00    0.6674951E+00    0.9220507E-03   -0.1627919E-02    0.1446905E-02    0.4333687E+05   -0.4739767E-06
    2    0.3713377E+00    0.9825984E+00    0.4028473E+00    0.2050913E-03    0.1038975E-02    0.1305522E-03    0.8820842E+04   -0.3075891E-05
    1    0.7913442E+00    0.3098695E+00    0.6554244E+00    0.1259468E-02   -0.7245656E-03   -0.4415312E-04    0.1637153E+05    0.1048395E-06
    2    0.1445359E+00    0.9426387E-01    0.5346139E+00   -0.1118335E-02   -0.3332662E-03    0.1548538E-03    0.1073552E+05   -0.1250683E-08
    1    0.9123991E+00    0.6806116E+00    0.5666691E+00   -0.7917691E-04    0.3479878E-03   -0.6828452E-03    0.4599099E+04    0.3789083E-06
    2    0.8096292E+00    0.9807699E+00    0.5661590E+00   -0.1147128E-02    0.1372771E-02    0.1279424E-02    0.3747603E+05    0.2473603E-07
    1    0.7570212E+00    0.6430973E+00    0.6322576E+00    0.5429703E-03    0.2331263E-02    0.1258659E-02    0.5666209E+05   -0.4100596E-06
    2    0.1630731E+00    0.4712852E+00    0.3622767E+00    0.1005982E-02   -0.1027193E-03    0.3029603E-03    0.8633044E+04    0.1534126E-05
    1    0.1721790E+00    0.1790578E+00    0.2992116E+00   -0.9426476E-03    0.6348024E-03    0.6079614E-03    0.1286956E+05    0.6883098E-07
    2    0.1055791E+00    0.6979426E+00    0.5730099E+00    0.8798763E-04    0.2647821E-03   -0.6156323E-04    0.6324971E+03   -0.1372381E-06
    1    0.4517984E+00    0.8352410E+00    0.9183275E+00   -0.9941027E-03   -0.1415997E-02   -0.8563830E-03    0.2887155E+05   -0.1372577E-05
    2    0.7753857E+00    0.5150711E+00    0.7934314E+00    0.2580895E-03    0.1117876E-02    0.6201438E-03    0.1317681E+05   -0.5688373E-06
    1    0.6887208E+00    0.7160163E+00    0.4706403E+00   -0.2623027E-03   -0.3404372E-03   -0.1610125E-02    0.2151570E+05   -0.2115142E-06
    2    0.8881844E+00    0.4428108E+00    0.5345695E+00    0.4446356E-03    0.2297287E-04   -0.9376436E-03    0.8346928E+04   -0.1902517E-06
    1    0.7658880E+00    0.1068760E+00    0.3568942E+00    0.6188960E-03   -0.7425820E-03    0.1307326E-03    0.7371914E+04    0.7440179E-07
    2    0.5947326E-01    0.8420623E+00    0.4156985E+00    0.1527857E-02    0.1364947E-02   -0.5722160E-03    0.3505524E+05   -0.9673712E-06
    1    0.2570429E+00    0.7612691E+00    0.4977002E+00    0.1208861E-02    0.6223337E-03    0.1419513E-02    0.2993278E+05    0.1347184E-07
    2    0.4810900E+00    0.3364756E+00    0.3321030E+00    0.5362334E-03   -0.7521710E-03    0.6123718E-03    0.9516010E+04    0.1058134E-06
    1    0.9747515E+00    0.4432676E-01    0.1536077E-02   -0.1569363E-03    0.6139816E-03    0.1137560E-02    0.1313661E+05   -0.2358988E-06
    2    0.4628658E+00    0.1386581E+00    0.2635225E+00   -0.5122090E-03    0.1445027E-02    0.4481436E-04    0.1822519E+05   -0.1976254E-06
    1    0.1427727E+00    0.3633140E+00    0.4581671E+00   -0.3624625E-03    0.9174276E-03   -0.1462466E-03    0.7704187E+04   -0.6271768E-06
    2    0.7378770E+00    0.5267865E+00    0.3824832E+00    0.6053887E-03   -0.8076230E-03   -0.1053603E-02    0.1649259E+05   -0.3229868E-06
    1    0.3138962E+00    0.5768272E+00    0.3610922E+00    0.1006275E-02    0.1977453E-03    0.6731531E-03    0.1165829E+05   -0.3547083E-07
    2    0.3643915E+00    0.4197636E+00    0.2399668E+00   -0.5193605E-03    0.1318477E-02   -0.1516653E-02    0.3337791E+05   -0.5600507E-06
    1    0.5790625E+00    0.8572543E+00    0.6156404E+00    0.1265147E-02    0.1057867E-02   -0.4759852E-03    0.2282529E+05   -0.7719766E-07
    2    0.9169277E+00    0.9842899E+00    0.2782045E+00   -0.5949041E-03   -0.7804581E-03   -0.1139782E-03    0.7561454E+04    0.7154853E-06
    1    0.7139302E+00    0.3480817E+00    0.4598788E+00    0.2354618E-03    0.7592333E-03    0.1253055E-02    0.1705965E+05    0.9354361E-06
    2    0.8029639E+00    0.9339914E+00    0.3864503E+00    0.4285218E-03   -0.1878448E-03    0.6172927E-03    0.4648098E+04    0.1776418E-05
    1    0.7570549E+00    0.9492963E+00    0.9392624E+00   -0.9007254E-03    0.8609765E-03   -0.1059996E-02    0.2073305E+05    0.8641076E-07
    2    0.1740015E+00    0.4946980E-01    0.8987223E+00    0.7792535E-03    0.2562782E-03   -0.1036549E-02    0.1353716E+05   -0.1249700E-05
    1    0.3963494E-01    0.5246388E+00    0.4592917E+00    0.4658580E-03   -0.4535752E-03   -0.2292587E-03    0.3682378E+04   -0.1082434E-05
    2    0.1857692E+00    0.8296949E+00    0.3132304E+00   -0.1264816E-02    0.2451580E-03    0.1184116E-02    0.2372205E+05    0.1377520E-05
    1    0.4629951E+00    0.4317748E+00    0.9614848E+00    0.6023430E-03   -0.4603254E-03   -0.1870882E-03    0.4723647E+04    0.8128851E-07
    2    0.8676430E+00    0.3396315E+00    0.2461934E+00    0.2778814E-04    0.5109789E-03    0.5399279E-03    0.4287284E+04   -0.8121825E-06
    1    0.5856423E+00    0.6320072E+00    0.9842553E+00   -0.1924004E-03    0.4935139E-03    0.7172284E-03    0.6158996E+04   -0.6636755E-06
    2    0.6829578E+00    0.5092074E+00    0.2513463E-01   -0.8158513E-03   -0.2961543E-03   -0.5901476E-03    0.8534341E+04    0.7737675E-06
    1    0.6574951E+00    0.3420732E+00    0.2906110E+00   -0.7912144E-03    0.8009228E-03    0.7124581E-04    0.9858956E+04    0.1573212E-06
    2    0.9482200E+00    0.6473138E+00    0.1576050E+00    0.2781100E-03    0.8479102E-03   -0.4249382E-03    0.7568059E+04    0.3411301E-06
    1    0.7107204E-01    0.1589202E+00    0.7922023E+00    0.1037135E-02   -0.1424939E-03    0.7474786E-03    0.1281922E+05    0.1367728E-06
    2    0.9612997E+00    0.9088070E+00    0.8698414E+00    0.7313010E-03    0.2149253E-03   -0.5693745E-03    0.7012674E+04    0.1569092E-06
    1    0.3924683E+00    0.5946045E+00    0.9557055E+00   -0.5335907E-03   -0.3353165E-03   -0.6994596E-03    0.6867169E+04    0.1052580E-05
    2    0.3764479E+00    0.8682087E+00    0.2501842E+00    0.9983253E-03    0.8333727E-03    0.8371296E-03    0.1853105E+05    0.1211458E-06
    1    0.9860176E+00    0.3039464E+00    0.6098958E+00   -0.4048304E-03    0.1258709E-02    0.8670008E-03    0.1936757E+05   -0.4810342E-06
    2    0.4390074E+00    0.5809931E+00    0.2305690E+00    0.3410550E-03    0.3162989E-03    0.1044945E-02    0.1013554E+05   -0.1034891E-05
    1    0.2949876E+00    0.9140202E+00    0.5762323E+00   -0.1071305E-03   -0.7223759E-04   -0.1347728E-03    0.2700610E+03    0.7647074E-07
    2    0.2762273E+00    0.2238447E+00    0.5368468E+00   -0.7158791E-03   -0.4488507E-04    0.9479753E-03    0.1094808E+05    0.3917518E-07
    1    0.1258964E+00    0.1334539E-01    0.8321403E-01   -0.1050166E-04   -0.4127454E-04    0.3757006E-03    0.1107585E+04    0.3569576E-06
    2    0.5350399E+00    0.1863893E+00    0.2500804E-01    0.3800273E-03   -0.6732755E-04    0.2046164E-03    0.1478344E+04   -0.2057343E-07
    1    0.2455091E+00    0.6615580E+00    0.9750802E+00    0.1881787E-04    0.5254268E-03   -0.7798842E-03    0.6853588E+04   -0.7698936E-06
    2    0.9767495E+00    0.3119156E+00    0.8705644E+00    0.1312398E-02   -0.9049789E-03   -0.8067244E-03    0.2473063E+05    0.2526962E-06
    1    0.9384519E+00    0.5484968E+00    0.7564589E+00    0.3583100E-03   -0.9333811E-04   -0.6901494E-03    0.4752201E+04    0.3807795E-06
    2    0.7172344E+00    0.8871586E+00    0.7456118E+00    0.5863319E-03    0.3560055E-03   -0.1645470E-03    0.3855041E+04    0.8475163E-07
    1    0.3239998E+00    0.2582783E+00    0.9406121E-01    0.7513627E-03   -0.6757454E-03    0.7427072E-03    0.1218482E+05    0.7838050E-07
    2    0.4935869E-01    0.2940149E+00    0.6448233E-01    0.8450768E-03   -0.4526852E-03   -0.1999048E-02    0.3807988E+05    0.1053176E-06
    1    0.8853126E+00    0.1918973E+00    0.6642924E-01    0.1203152E-02   -0.3791718E-03   -0.1145328E-03    0.1243019E+05    0.3011447E-06
    2    0.1397851E-01    0.1721475E+00    0.4248148E+00   -0.3858582E-03    0.4634879E-03   -0.6505858E-03    0.6096856E+04   -0.1562811E-06
    1    0.5401117E+00    0.7245672E+00    0.1319657E+00    0.5774154E-03    0.4845439E-03   -0.6190534E-04    0.4431615E+04    0.1154633E-06
    2    0.5706767E+00    0.2412426E+00    0.7580372E+00   -0.1869660E-03   -0.1000796E-02    0.4008436E-03    0.9275212E+04    0.1474651E-05
    1    0.2677997E+00    0.3944683E+00    0.8350856E+00   -0.3133969E-04    0.2881603E-03   -0.1348143E-03    0.7917191E+03    0.4449966E-07
    2    0.4214486E+00    0.1142547E+00    0.5870475E+00   -0.1797460E-02   -0.3510930E-03    0.4239048E-03    0.2737745E+05   -0.3467627E-07
    1    0.7204015E+00    0.7388421E+00    0.8670999E+00   -0.2056114E-03    0.7047620E-03    0.3211973E-03    0.4974772E+04    0.2543655E-07
    2    0.3018661E+00    0.6088244E+00    0.5636634E+00    0.3433414E-03    0.7960664E-03   -0.3684260E-03    0.6874473E+04    0.1575618E-06
    1    0.2390813E+00    0.2289092E+00    0.9306322E+00    0.5687752E-04   -0.1448094E-02   -0.1246941E-02    0.2831679E+05   -0.6131749E-07
    2    0.8276402E+00    0.1163876E+00    0.8907910E+00    0.3630235E-03   -0.2274108E-03    0.6459959E-03    0.4654650E+04   -0.1205479E-07
    1    0.7648423E+00    0.6260307E+00    0.1543649E+00   -0.1067798E-02   -0.1814718E-03   -0.6003681E-03    0.1188093E+05   -0.1505647E-05
    2    0.5112488E+00    0.1617920E-01    0.4483161E+00    0.3298870E-03    0.1686773E-02   -0.3083518E-03    0.2362225E+05    0.2326319E-05
    1    0.9521507E+00    0.9138404E-01    0.6789496E+00    0.7891304E-03   -0.1302319E-02   -0.4496809E-03    0.1953064E+05    0.2352041E-06
    2    0.6615882E+00    0.9363479E+00    0.4608566E+00    0.3420745E-03   -0.1941953E-02   -0.8743384E-03    0.3604538E+05   -0.9588778E-06
    1    0.8532604E-01    0.6471377E+00    0.7846563E+00    0.1450808E-03    0.2160425E-02    0.1328860E-03    0.3645971E+05    0.1464105E-06
    2    0.4604482E+00    0.9407587E+00    0.7507861E+00   -0.1009362E-02    0.1057648E-02   -0.9985598E-03    0.2428419E+05   -0.1934460E-05
    1    0.6503436E+00    0.5514641E-02    0.7539716E-01    0.5008952E-03   -0.8562418E-03   -0.9626475E-04    0.7695452E+04   -0.1383680E-06
    2    0.8379304E+00    0.3163347E+00    0.9786568E+00    0.4577158E-03    0.5505722E-03    0.1833235E-02    0.3000810E+05   -0.8046648E-06
    1    0.4750577E+00    0.4874446E+00    0.7325716E+00    0.1265509E-04    0.1104658E-03    0.9513534E-03    0.7107616E+04    0.4375701E-06
    2    0.4140747E+00    0.6334064E+00    0.7711303E+00    0.8151064E-04   -0.1606304E-02    0.4439866E-04    0.2005632E+05    0.3161925E-06
    1    0.1496433E+00    0.6761813E+00    0.1826849E+00   -0.1613776E-02    0.4144604E-03   -0.9133567E-03    0.2796969E+05    0.3797656E-06
    2    0.1521723E+00    0.8393460E+00    0.1612732E+00   -0.4727944E-04   -0.6951628E-04    0.8901116E-03    0.6192899E+04   -0.5344234E-06
    1    0.5784174E+00    0.3670334E+00    0.9761289E-01    0.8648077E-03   -0.8365893E-03    0.9735294E-03    0.1855882E+05    0.1444050E-07
    2    0.6432914E+00    0.1584187E+00    0.2307672E+00   -0.8912406E-04   -0.5594362E-03    0.7533896E-03    0.6883500E+04    0.4505109E-07
    1    0.5788422E-01    0.5975060E+00    0.3007682E+00    0.1425015E-02    0.5534020E-03   -0.2709224E-04    0.1811041E+05   -0.5033740E-06
    2    0.3539671E+00    0.5286989E+00    0.1060138E+00   -0.9276318E-03    0.3622971E-03   -0.5446007E-03    0.9981180E+04   -0.1055151E-05
    1    0.5781550E+00    0.3442519E-01    0.7130886E+00   -0.1629647E-03    0.2740030E-03   -0.3426411E-03    0.1696945E+04    0.1760862E-05
    2    0.8566852E+00    0.5741772E+00    0.9342204E+00   -0.2205218E-03   -0.5017327E-03   -0.5443001E-03    0.4622233E+04    0.2460483E-06
    1    0.2069873E+00    0.9643555E+00    0.7620228E+00   -0.1856114E-03    0.5021324E-03    0.1181204E-02    0.1302959E+05    0.1821465E-06
    2    0.7257530E+00    0.8086192E+00    0.3337528E+00    0.1232978E-03   -0.9640296E-03    0.1554841E-02    0.2604694E+05   -0.9577645E-06
    1    0.8442069E+00    0.1502137E+00    0.5633137E+00    0.3624445E-03    0.2170151E-03   -0.4932952E-03    0.3267808E+04   -0.3542227E-06
    2    0.3345730E+00    0.2055839E-01    0.9017316E+00   -0.5057423E-03   -0.6407554E-03    0.1064902E-02    0.1394785E+05    0.6849697E-06
    1    0.3566173E+00    0.1346648E-01    0.1252603E+00    0.8131833E-03   -0.1195416E-03    0.4963221E-03    0.7142143E+04   -0.1821755E-07
    2    0.5594683E+00    0.3919718E+00    0.5020676E+00   -0.3250747E-03    0.6582859E-03   -0.7726638E-03    0.8801065E+04   -0.8323065E-06
    1    0.3067117E+00    0.7495244E+00    0.7908307E+00   -0.2618403E-03    0.8808326E-04    0.4277190E-03    0.2008574E+04   -0.1070094E-05
    2    0.9949625E-01    0.4825117E+00    0.6060563E+00    0.6387017E-03   -0.1396716E-03    0.6265783E-03    0.6353126E+04    0.3831382E-06
    1    0.5012398E+00    0.9751891E+00    0.9141270E+00    0.5077830E-03   -0.8720014E-03    0.5502104E-03    0.1023383E+05    0.2016172E-05
    2    0.1677603E+00    0.9954612E+00    0.3714483E+00   -0.2666069E-03   -0.2301220E-03   -0.9613025E-03    0.8120196E+04   -0.1893586E-08
    1    0.5670912E+00    0.7013747E+00    0.7145950E+00    0.2791726E-03   -0.8021516E-03   -0.1125126E-02    0.1539607E+05    0.2985655E-06
    2    0.2078428E-01    0.3214104E+00    0.3073805E+00    0.3697359E-03   -0.1317203E-02    0.6451766E-04    0.1453301E+05    0.7834280E-06
    1    0.4890769E-01    0.9292388E+00    0.5759231E+00   -0.1096658E-02    0.8728111E-04    0.1105257E-02    0.1884032E+05   -0.4741008E-07
    2    0.8201082E+00    0.6548260E+00    0.3066978E+00    0.1429853E-02    0.6291730E-03    0.1881529E-03    0.1918020E+05    0.6310595E-06
    1    0.5078439E+00    0.7388795E+00    0.2961283E+00   -0.8199727E-03   -0.8906043E-03   -0.3410909E-04    0.1136286E+05    0.1689494E-07
    2    0.9378608E+00    0.8345930E+00    0.1115008E+00   -0.1893969E-03    0.7773510E-03   -0.7696882E-03    0.9549004E+04   -0.1473037E-07
    1    0.5858565E+00    0.1657913E+00    0.4776933E+00   -0.1157876E-02    0.9597148E-03    0.7339018E-03    0.2169497E+05    0.3266324E-06
        10        10        10
  0.00000000E+00  0.00000000E+00  0.00000000E+00
  7.52994233E+00  0.00000000E+00  0.00000000E+00
  0.00000000E+00  7.52994233E+00  0.00000000E+00
  0.00000000E+00  0.00000000E+00  7.52994233E+00
  3.00000012E-02
  6.00000024E-02
  1.10000007E-01
  1.80000007E-01
  2.70000011E-01
  3.80000025E-01
  5.09999990E-01
  6.60000026E-01
  8.29999924E-01
  1.01999998E+00
  6.00000061E-02
  9.00000036E-02
  1.40000015E-01
  2.10000008E-01
  3.00000012E-01
  4.10000026E-01
  5.39999962E-01
  6.90000057E-01
  8.59999955E-01
  1.04999995E+00
  1.09999999E-01
  1.40000001E-01
  1.89999998E-01
  2.60000020E-01
  3.49999994E-01
  4.60000008E-01
  5.89999974E-01
  7.40000069E-01
  9.09999967E-01
  1.10000002E+00
  1.80000022E-01
  2.10000023E-01
  2.60000020E-01
  3.30000043E-01
  4.20000017E-01
  5.30000031E-01
  6.59999967E-01
  8.10000062E-01
  9.79999959E-01
  1.17000008E+00
  2.69999981E-01
  2.99999982E-01
  3.49999994E-01
  4.20000017E-01
  5.09999990E-01
  6.20000005E-01
  7.50000000E-01
  9.00000036E-01
  1.06999993E+00
  1.25999999E+00
  3.79999995E-01
  4.09999996E-01
  4.60000008E-01
  5.30000031E-01
  6.20000005E-01
  7.30000019E-01
  8.60000014E-01
  1.00999999E+00
  1.17999995E+00
  1.37000000E+00
  5.09999990E-01
  5.39999962E-01
  5.89999974E-01
  6.59999967E-01
  7.50000000E-01
  8.60000014E-01
  9.89999950E-01
  1.13999999E+00
  1.30999994E+00
  1.50000000E+00
  6.60000026E-01
  6.90000057E-01
  7.40000010E-01
  8.10000062E-01
  9.00000036E-01
  1.00999999E+00
  1.13999999E+00
  1.29000008E+00
  1.46000004E+00
  1.65000010E+00
  8.29999924E-01
  8.59999955E-01
  9.09999967E-01
  9.79999959E-01
  1.06999993E+00
  1.17999995E+00
  1.30999994E+00
  1.46000004E+00
  1.62999988E+00
  1.81999993E+00
  1.01999998E+00
  1.04999995E+00
  1.10000002E+00
  1.16999996E+00
  1.25999999E+00
  1.37000000E+00
  1.50000000E+00
  1.65000010E+00
  1.81999993E+00
  2.00999999E+00
  6.00000061E-02
  9.00000036E-02
  1.40000015E-01
  2.10000008E-01
  3.00000012E-01
  4.10000026E-01
  5.39999962E-01
  6.90000057E-01
  8.59999955E-01
  1.04999995E+00
  9.00000036E-02
  1.20000005E-01
  1.70000017E-01
  2.40000010E-01
  3.30000013E-01
  4.40000027E-01
  5.69999993E-01
  7.20000029E-01
  8.89999926E-01
  1.08000004E+00
  1.40000015E-01
  1.70000017E-01
  2.20000014E-01
  2.90000021E-01
  3.79999995E-01
  4.90000010E-01
  6.20000005E-01
  7.70000041E-01
  9.39999938E-01
  1.13000000E+00
  2.10000023E-01
  2.40000024E-01
  2.90000021E-01
  3.60000014E-01
  4.50000018E-01
  5.60000062E-01
  6.89999998E-01
  8.40000033E-01
  1.00999999E+00
  1.20000005E+00
  2.99999982E-01
  3.29999983E-01
  3.79999995E-01
  4.49999988E-01
  5.39999962E-01
  6.49999976E-01
  7.79999971E-01
  9.30000067E-01
  1.09999990E+00
  1.28999996E+00
  4.09999996E-01
  4.39999998E-01
  4.90000010E-01
  5.60000002E-01
  6.49999976E-01
  7.59999990E-01
  8.89999986E-01
  1.04000008E+00
  1.20999992E+00
  1.39999998E+00
  5.39999962E-01
  5.69999993E-01
  6.20000005E-01
  6.89999998E-01
  7.79999971E-01
  8.89999986E-01
  1.01999998E+00
  1.17000008E+00
  1.33999991E+00
  1.52999997E+00
  6.90000057E-01
  7.20000088E-01
  7.70000100E-01
  8.40000093E-01
  9.30000067E-01
  1.04000008E+00
  1.17000008E+00
  1.32000017E+00
  1.49000001E+00
  1.68000007E+00
  8.59999955E-01
  8.89999986E-01
  9.39999938E-01
  1.00999999E+00
  1.09999990E+00
  1.21000004E+00
  1.33999991E+00
  1.49000001E+00
  1.65999985E+00
  1.84999990E+00
  1.04999995E+00
  1.07999992E+00
  1.13000000E+00
  1.19999993E+00
  1.28999996E+00
  1.39999998E+00
  1.52999997E+00
  1.68000007E+00
  1.84999990E+00
  2.03999996E+00
  1.09999999E-01
  1.40000001E-01
  1.89999998E-01
  2.60000020E-01
  3.49999994E-01
  4.60000008E-01
  5.89999974E-01
  7.40000069E-01
  9.09999967E-01
  1.10000002E+00
  1.40000015E-01
  1.70000017E-01
  2.20000014E-01
  2.90000021E-01
  3.79999995E-01
  4.90000010E-01
  6.20000005E-01
  7.70000041E-01
  9.39999938E-01
  1.13000000E+00
  1.90000013E-01
  2.20000014E-01
  2.70000011E-01
  3.40000033E-01
  4.30000007E-01
  5.40000021E-01
  6.69999957E-01
  8.20000052E-01
  9.89999950E-01
  1.18000007E+00
  2.59999990E-01
  2.89999992E-01
  3.40000004E-01
  4.10000026E-01
  5.00000000E-01
  6.10000014E-01
  7.40000010E-01
  8.90000045E-01
  1.05999994E+00
  1.25000000E+00
  3.49999994E-01
  3.79999995E-01
  4.30000007E-01
  5.00000000E-01
  5.90000033E-01
  7.00000048E-01
  8.29999983E-01
  9.80000019E-01
  1.14999998E+00
  1.34000003E+00
  4.60000008E-01
  4.90000010E-01
  5.40000021E-01
  6.10000014E-01
  7.00000048E-01
  8.10000062E-01
  9.39999998E-01
  1.09000003E+00
  1.25999999E+00
  1.45000005E+00
  5.89999974E-01
  6.20000005E-01
  6.69999957E-01
  7.40000010E-01
  8.29999983E-01
  9.39999998E-01
  1.06999993E+00
  1.22000003E+00
  1.38999987E+00
  1.57999992E+00
  7.40000010E-01
  7.70000041E-01
  8.20000052E-01
  8.90000045E-01
  9.80000019E-01
  1.09000003E+00
  1.22000003E+00
  1.37000012E+00
  1.53999996E+00
  1.73000002E+00
  9.09999967E-01
  9.39999998E-01
  9.90000010E-01
  1.05999994E+00
  1.14999998E+00
  1.25999999E+00
  1.38999999E+00
  1.53999996E+00
  1.70999992E+00
  1.89999998E+00
  1.10000002E+00
  1.13000000E+00
  1.18000007E+00
  1.25000000E+00
  1.34000003E+00
  1.45000005E+00
  1.58000004E+00
  1.73000002E+00
  1.89999998E+00
  2.09000015E+00
  1.80000022E-01
  2.10000023E-01
  2.60000020E-01
  3.30000043E-01
  4.20000017E-01
  5.30000031E-01
  6.59999967E-01
  8.10000062E-01
  9.79999959E-01
  1.17000008E+00
  2.10000023E-01
  2.40000024E-01
  2.90000021E-01
  3.60000014E-01
  4.50000018E-01
  5.60000062E-01
  6.89999998E-01
  8.40000033E-01
  1.00999999E+00
  1.20000005E+00
  2.59999990E-01
  2.89999992E-01
  3.40000004E-01
  4.10000026E-01
  5.00000000E-01
  6.10000014E-01
  7.40000010E-01
  8.90000045E-01
  1.05999994E+00
  1.25000000E+00
  3.30000013E-01
  3.60000014E-01
  4.10000026E-01
  4.80000019E-01
  5.70000052E-01
  6.80000067E-01
  8.10000002E-01
  9.60000038E-01
  1.13000000E+00
  1.32000005E+00
  4.20000017E-01
  4.50000018E-01
  5.00000000E-01
  5.70000052E-01
  6.60000026E-01
  7.70000041E-01
  8.99999976E-01
  1.05000007E+00
  1.22000003E+00
  1.41000009E+00
  5.30000031E-01
  5.60000062E-01
  6.10000014E-01
  6.80000067E-01
  7.70000041E-01
  8.80000055E-01
  1.00999999E+00
  1.16000009E+00
  1.32999992E+00
  1.51999998E+00
  6.59999967E-01
  6.89999998E-01
  7.40000010E-01
  8.10000002E-01
  8.99999976E-01
  1.00999999E+00
  1.13999999E+00
  1.28999996E+00
  1.45999992E+00
  1.64999998E+00
  8.10000062E-01
  8.40000093E-01
  8.90000105E-01
  9.60000098E-01
  1.05000007E+00
  1.16000009E+00
  1.29000008E+00
  1.44000006E+00
  1.61000001E+00
  1.80000007E+00
  9.79999959E-01
  1.00999999E+00
  1.05999994E+00
  1.13000000E+00
  1.22000003E+00
  1.32999992E+00
  1.45999992E+00
  1.61000001E+00
  1.77999997E+00
  1.97000003E+00
  1.16999996E+00
  1.19999993E+00
  1.25000000E+00
  1.31999993E+00
  1.40999997E+00
  1.51999998E+00
  1.64999998E+00
  1.79999995E+00
  1.96999991E+00
  2.15999985E+00
  2.69999981E-01
  2.99999982E-01
  3.49999994E-01
  4.20000017E-01
  5.09999990E-01
  6.20000005E-01
  7.50000000E-01
  9.00000036E-01
  1.06999993E+00
  1.25999999E+00
  2.99999982E-01
  3.29999983E-01
  3.79999995E-01
  4.49999988E-01
  5.39999962E-01
  6.49999976E-01
  7.79999971E-01
  9.30000067E-01
  1.09999990E+00
  1.28999996E+00
  3.49999994E-01
  3.79999995E-01
  4.30000007E-01
  5.00000000E-01
  5.90000033E-01
  7.00000048E-01
  8.29999983E-01
  9.80000019E-01
  1.14999998E+00
  1.34000003E+00
  4.20000017E-01
  4.50000018E-01
  5.00000000E-01
  5.70000052E-01
  6.60000026E-01
  7.70000041E-01
  8.99999976E-01
  1.05000007E+00
  1.22000003E+00
  1.41000009E+00
  5.09999990E-01
  5.40000021E-01
  5.90000033E-01
  6.60000026E-01
  7.50000000E-01
  8.60000014E-01
  9.90000010E-01
  1.14000010E+00
  1.30999994E+00
  1.50000000E+00
  6.20000005E-01
  6.50000036E-01
  7.00000048E-01
  7.70000041E-01
  8.60000014E-01
  9.70000029E-01
  1.10000002E+00
  1.25000000E+00
  1.41999996E+00
  1.61000001E+00
  7.50000000E-01
  7.80000031E-01
  8.30000043E-01
  9.00000036E-01
  9.90000010E-01
  1.10000002E+00
  1.23000002E+00
  1.38000011E+00
  1.54999995E+00
  1.74000001E+00
  9.00000036E-01
  9.30000067E-01
  9.80000019E-01
  1.05000007E+00
  1.14000010E+00
  1.25000000E+00
  1.38000000E+00
  1.53000009E+00
  1.70000005E+00
  1.89000010E+00
  1.06999993E+00
  1.09999990E+00
  1.14999998E+00
  1.21999991E+00
  1.30999994E+00
  1.41999996E+00
  1.54999995E+00
  1.70000005E+00
  1.86999989E+00
  2.05999994E+00
  1.25999999E+00
  1.28999996E+00
  1.34000003E+00
  1.40999997E+00
  1.50000000E+00
  1.61000001E+00
  1.74000001E+00
  1.89000010E+00
  2.05999994E+00
  2.25000000E+00
  3.79999995E-01
  4.09999996E-01
  4.60000008E-01
  5.30000031E-01
  6.20000005E-01
  7.30000019E-01
  8.60000014E-01
  1.00999999E+00
  1.17999995E+00
  1.37000000E+00
  4.09999996E-01
  4.39999998E-01
  4.90000010E-01
  5.60000002E-01
  6.49999976E-01
  7.59999990E-01
  8.89999986E-01
  1.04000008E+00
  1.20999992E+00
  1.39999998E+00
  4.60000008E-01
  4.90000010E-01
  5.40000021E-01
  6.10000014E-01
  7.00000048E-01
  8.10000062E-01
  9.39999998E-01
  1.09000003E+00
  1.25999999E+00
  1.45000005E+00
  5.30000031E-01
  5.60000062E-01
  6.10000014E-01
  6.80000067E-01
  7.70000041E-01
  8.80000055E-01
  1.00999999E+00
  1.16000009E+00
  1.32999992E+00
  1.51999998E+00
  6.20000005E-01
  6.50000036E-01
  7.00000048E-01
  7.70000041E-01
  8.60000014E-01
  9.70000029E-01
  1.10000002E+00
  1.25000000E+00
  1.41999996E+00
  1.61000001E+00
  7.30000019E-01
  7.60000050E-01
  8.10000062E-01
  8.80000055E-01
  9.70000029E-01
  1.08000004E+00
  1.21000004E+00
  1.36000013E+00
  1.52999997E+00
  1.72000003E+00
  8.60000014E-01
  8.90000045E-01
  9.40000057E-01
  1.00999999E+00
  1.10000002E+00
  1.21000004E+00
  1.34000003E+00
  1.49000001E+00
  1.65999997E+00
  1.85000002E+00
  1.00999999E+00
  1.03999996E+00
  1.09000003E+00
  1.15999997E+00
  1.25000000E+00
  1.36000001E+00
  1.49000001E+00
  1.64000010E+00
  1.80999994E+00
  2.00000000E+00
  1.17999995E+00
  1.20999992E+00
  1.25999999E+00
  1.32999992E+00
  1.41999996E+00
  1.52999997E+00
  1.65999997E+00
  1.80999994E+00
  1.97999990E+00
  2.17000008E+00
  1.37000000E+00
  1.39999998E+00
  1.45000005E+00
  1.51999998E+00
  1.61000001E+00
  1.72000003E+00
  1.85000002E+00
  2.00000000E+00
  2.17000008E+00
  2.36000013E+00
  5.09999990E-01
  5.39999962E-01
  5.89999974E-01
  6.59999967E-01
  7.50000000E-01
  8.60000014E-01
  9.89999950E-01
  1.13999999E+00
  1.30999994E+00
  1.50000000E+00
  5.39999962E-01
  5.69999993E-01
  6.20000005E-01
  6.89999998E-01
  7.79999971E-01
  8.89999986E-01
  1.01999998E+00
  1.17000008E+00
  1.33999991E+00
  1.52999997E+00
  5.89999974E-01
  6.20000005E-01
  6.69999957E-01
  7.40000010E-01
  8.29999983E-01
  9.39999998E-01
  1.06999993E+00
  1.22000003E+00
  1.38999987E+00
  1.57999992E+00
  6.59999967E-01
  6.89999998E-01
  7.40000010E-01
  8.10000002E-01
  8.99999976E-01
  1.00999999E+00
  1.13999999E+00
  1.28999996E+00
  1.45999992E+00
  1.64999998E+00
  7.50000000E-01
  7.80000031E-01
  8.30000043E-01
  9.00000036E-01
  9.90000010E-01
  1.10000002E+00
  1.23000002E+00
  1.38000011E+00
  1.54999995E+00
  1.74000001E+00
  8.60000014E-01
  8.90000045E-01
  9.40000057E-01
  1.00999999E+00
  1.10000002E+00
  1.21000004E+00
  1.34000003E+00
  1.49000001E+00
  1.65999997E+00
  1.85000002E+00
  9.89999950E-01
  1.01999998E+00
  1.06999993E+00
  1.13999999E+00
  1.23000002E+00
  1.33999991E+00
  1.46999991E+00
  1.62000000E+00
  1.78999996E+00
  1.98000002E+00
  1.13999999E+00
  1.16999996E+00
  1.22000003E+00
  1.28999996E+00
  1.38000000E+00
  1.49000001E+00
  1.62000000E+00
  1.76999998E+00
  1.93999994E+00
  2.13000011E+00
  1.30999994E+00
  1.33999991E+00
  1.38999999E+00
  1.45999992E+00
  1.54999995E+00
  1.65999997E+00
  1.78999996E+00
  1.94000006E+00
  2.10999990E+00
  2.29999995E+00
  1.50000000E+00
  1.52999997E+00
  1.58000004E+00
  1.64999998E+00
  1.74000001E+00
  1.85000002E+00
  1.98000002E+00
  2.13000011E+00
  2.29999995E+00
  2.49000001E+00
  6.60000026E-01
  6.90000057E-01
  7.40000010E-01
  8.10000062E-01
  9.00000036E-01
  1.00999999E+00
  1.13999999E+00
  1.29000008E+00
  1.46000004E+00
  1.65000010E+00
  6.90000057E-01
  7.20000088E-01
  7.70000100E-01
  8.40000093E-01
  9.30000067E-01
  1.04000008E+00
  1.17000008E+00
  1.32000017E+00
  1.49000001E+00
  1.68000007E+00
  7.40000010E-01
  7.70000041E-01
  8.20000052E-01
  8.90000045E-01
  9.80000019E-01
  1.09000003E+00
  1.22000003E+00
  1.37000012E+00
  1.53999996E+00
  1.73000002E+00
  8.10000062E-01
  8.40000093E-01
  8.90000105E-01
  9.60000098E-01
  1.05000007E+00
  1.16000009E+00
  1.29000008E+00
  1.44000006E+00
  1.61000001E+00
  1.80000007E+00
  9.00000036E-01
  9.30000067E-01
  9.80000019E-01
  1.05000007E+00
  1.14000010E+00
  1.25000000E+00
  1.38000000E+00
  1.53000009E+00
  1.70000005E+00
  1.89000010E+00
  1.00999999E+00
  1.03999996E+00
  1.09000003E+00
  1.15999997E+00
  1.25000000E+00
  1.36000001E+00
  1.49000001E+00
  1.64000010E+00
  1.80999994E+00
  2.00000000E+00
  1.13999999E+00
  1.16999996E+00
  1.22000003E+00
  1.28999996E+00
  1.38000000E+00
  1.49000001E+00
  1.62000000E+00
  1.76999998E+00
  1.93999994E+00
  2.13000011E+00
  1.29000008E+00
  1.32000005E+00
  1.37000012E+00
  1.44000006E+00
  1.53000009E+00
  1.64000010E+00
  1.77000010E+00
  1.92000008E+00
  2.09000015E+00
  2.28000021E+00
  1.46000004E+00
  1.49000001E+00
  1.54000008E+00
  1.61000001E+00
  1.70000005E+00
  1.81000006E+00
  1.94000006E+00
  2.09000015E+00
  2.25999999E+00
  2.45000005E+00
  1.65000010E+00
  1.68000007E+00
  1.73000014E+00
  1.80000007E+00
  1.89000010E+00
  2.00000000E+00
  2.13000011E+00
  2.28000021E+00
  2.45000005E+00
  2.64000010E+00
  8.29999924E-01
  8.59999955E-01
  9.09999967E-01
  9.79999959E-01
  1.06999993E+00
  1.17999995E+00
  1.30999994E+00
  1.46000004E+00
  1.62999988E+00
  1.81999993E+00
  8.59999955E-01
  8.89999986E-01
  9.39999938E-01
  1.00999999E+00
  1.09999990E+00
  1.21000004E+00
  1.33999991E+00
  1.49000001E+00
  1.65999985E+00
  1.84999990E+00
  9.09999967E-01
  9.39999998E-01
  9.90000010E-01
  1.05999994E+00
  1.14999998E+00
  1.25999999E+00
  1.38999999E+00
  1.53999996E+00
  1.70999992E+00
  1.89999998E+00
  9.79999959E-01
  1.00999999E+00
  1.05999994E+00
  1.13000000E+00
  1.22000003E+00
  1.32999992E+00
  1.45999992E+00
  1.61000001E+00
  1.77999997E+00
  1.97000003E+00
  1.06999993E+00
  1.09999990E+00
  1.14999998E+00
  1.21999991E+00
  1.30999994E+00
  1.41999996E+00
  1.54999995E+00
  1.70000005E+00
  1.86999989E+00
  2.05999994E+00
  1.17999995E+00
  1.20999992E+00
  1.25999999E+00
  1.32999992E+00
  1.41999996E+00
  1.52999997E+00
  1.65999997E+00
  1.80999994E+00
  1.97999990E+00
  2.17000008E+00
  1.30999994E+00
  1.33999991E+00
  1.38999999E+00
  1.45999992E+00
  1.54999995E+00
  1.65999997E+00
  1.78999996E+00
  1.94000006E+00
  2.10999990E+00
  2.29999995E+00
  1.46000004E+00
  1.49000001E+00
  1.54000008E+00
  1.61000001E+00
  1.70000005E+00
  1.81000006E+00
  1.94000006E+00
  2.09000015E+00
  2.25999999E+00
  2.45000005E+00
  1.62999988E+00
  1.65999985E+00
  1.70999992E+00
  1.77999985E+00
  1.86999989E+00
  1.97999990E+00
  2.10999990E+00
  2.25999999E+00
  2.42999983E+00
  2.61999989E+00
  1.81999993E+00
  1.84999990E+00
  1.89999998E+00
  1.96999991E+00
  2.05999994E+00
  2.17000008E+00
  2.29999995E+00
  2.45000005E+00
  2.61999989E+00
  2.80999994E+00
  1.01999998E+00
  1.04999995E+00
  1.10000002E+00
  1.16999996E+00
  1.25999999E+00
  1.37000000E+00
  1.50000000E+00
  1.65000010E+00
  1.81999993E+00
  2.00999999E+00
  1.04999995E+00
  1.07999992E+00
  1.13000000E+00
  1.19999993E+00
  1.28999996E+00
  1.39999998E+00
  1.52999997E+00
  1.68000007E+00
  1.84999990E+00
  2.03999996E+00
  1.10000002E+00
  1.13000000E+00
  1.18000007E+00
  1.25000000E+00
  1.34000003E+00
  1.45000005E+00
  1.58000004E+00
  1.73000002E+00
  1.89999998E+00
  2.09000015E+00
  1.16999996E+00
  1.19999993E+00
  1.25000000E+00
  1.31999993E+00
  1.40999997E+00
  1.51999998E+00
  1.64999998E+00
  1.79999995E+00
  1.96999991E+00
  2.15999985E+00
  1.25999999E+00
  1.28999996E+00
  1.34000003E+00
  1.40999997E+00
  1.50000000E+00
  1.61000001E+00
  1.74000001E+00
  1.89000010E+00
  2.05999994E+00
  2.25000000E+00
  1.37000000E+00
  1.39999998E+00
  1.45000005E+00
  1.51999998E+00
  1.61000001E+00
  1.72000003E+00
  1.85000002E+00
  2.00000000E+00
  2.17000008E+00
  2.36000013E+00
  1.50000000E+00
  1.52999997E+00
  1.58000004E+00
  1.64999998E+00
  1.74000001E+00
  1.85000002E+00
  1.98000002E+00
  2.13000011E+00
  2.29999995E+00
  2.49000001E+00
  1.65000010E+00
  1.68000007E+00
  1.73000014E+00
  1.80000007E+00
  1.89000010E+00
  2.00000000E+00
  2.13000011E+00
  2.28000021E+00
  2.45000005E+00
  2.64000010E+00
  1.81999993E+00
  1.84999990E+00
  1.89999998E+00
  1.96999991E+00
  2.05999994E+00
  2.17000008E+00
  2.29999995E+00
  2.45000005E+00
  2.61999989E+00
  2.80999994E+00
  2.00999999E+00
  2.03999996E+00
  2.08999991E+00
  2.16000009E+00
  2.25000000E+00
  2.36000013E+00
  2.49000001E+00
  2.64000010E+00
  2.80999994E+00
  3.00000000E+00
        10        10        10
  1.50598847E+01  1.50598847E+01  1.50598847E+01
  7.52994233E+00  0.00000000E+00  0.00000000E+00
  0.00000000E+00  7.52994233E+00  0.00000000E+00
  0.00000000E+00  0.00000000E+00  7.52994233E+00
  3.00000012E-02
  6.00000024E-02
  1.10000007E-01
  1.80000007E-01
  2.70000011E-01
  3.80000025E-01
  5.09999990E-01
  6.60000026E-01
  8.29999924E-01
  1.01999998E+00
  6.00000061E-02
  9.00000036E-02
  1.40000015E-01
  2.10000008E-01
  3.00000012E-01
  4.10000026E-01
  5.39999962E-01
  6.90000057E-01
  8.59999955E-01
  1.04999995E+00
  1.09999999E-01
  1.40000001E-01
  1.89999998E-01
  2.60000020E-01
  3.49999994E-01
  4.60000008E-01
  5.89999974E-01
  7.40000069E-01
  9.09999967E-01
  1.10000002E+00
  1.80000022E-01
  2.10000023E-01
  2.60000020E-01
  3.30000043E-01
  4.20000017E-01
  5.30000031E-01
  6.59999967E-01
  8.10000062E-01
  9.79999959E-01
  1.17000008E+00
  2.69999981E-01
  2.99999982E-01
  3.49999994E-01
  4.20000017E-01
  5.09999990E-01
  6.20000005E-01
  7.50000000E-01
  9.00000036E-01
  1.06999993E+00
  1.25999999E+00
  3.79999995E-01
  4.09999996E-01
  4.60000008E-01
  5.30000031E-01
  6.20000005E-01
  7.30000019E-01
  8.60000014E-01
  1.00999999E+00
  1.17999995E+00
  1.37000000E+00
  5.09999990E-01
  5.39999962E-01
  5.89999974E-01
  6.59999967E-01
  7.50000000E-01
  8.60000014E-01
  9.89999950E-01
  1.13999999E+00
  1.30999994E+00
  1.50000000E+00
  6.60000026E-01
  6.90000057E-01
  7.40000010E-01
  8.10000062E-01
  9.00000036E-01
  1.00999999E+00
  1.13999999E+00
  1.29000008E+00
  1.46000004E+00
  1.65000010E+00
  8.29999924E-01
  8.59999955E-01
  9.09999967E-01
  9.79999959E-01
  1.06999993E+00
  1.17999995E+00
  1.30999994E+00
  1.46000004E+00
  1.62999988E+00
  1.81999993E+00
  1.01999998E+00
  1.04999995E+00
  1.10000002E+00
  1.16999996E+00
  1.25999999E+00
  1.37000000E+00
  1.50000000E+00
  1.65000010E+00
  1.81999993E+00
  2.00999999E+00
  6.00000061E-02
  9.00000036E-02
  1.40000015E-01
  2.10000008E-01
  3.00000012E-01
  4.10000026E-01
  5.39999962E-01
  6.90000057E-01
  8.59999955E-01
  1.04999995E+00
  9.00000036E-02
  1.20000005E-01
  1.70000017E-01
  2.40000010E-01
  3.30000013E-01
  4.40000027E-01
  5.69999993E-01
  7.20000029E-01
  8.89999926E-01
  1.08000004E+00
  1.40000015E-01
  1.70000017E-01
  2.20000014E-01
  2.90000021E-01
  3.79999995E-01
  4.90000010E-01
  6.20000005E-01
  7.70000041E-01
  9.39999938E-01
  1.13000000E+00
  2.10000023E-01
  2.40000024E-01
  2.90000021E-01
  3.60000014E-01
  4.50000018E-01
  5.60000062E-01
  6.89999998E-01
  8.40000033E-01
  1.00999999E+00
  1.20000005E+00
  2.99999982E-01
  3.29999983E-01
  3.79999995E-01
  4.49999988E-01
  5.39999962E-01
  6.49999976E-01
  7.79999971E-01
  9.30000067E-01
  1.09999990E+00
  1.28999996E+00
  4.09999996E-01
  4.39999998E-01
  4.90000010E-01
  5.60000002E-01
  6.49999976E-01
  7.59999990E-01
  8.89999986E-01
  1.04000008E+00
  1.20999992E+00
  1.39999998E+00
  5.39999962E-01
  5.69999993E-01
  6.20000005E-01
  6.89999998E-01
  7.79999971E-01
  8.89999986E-01
  1.01999998E+00
  1.17000008E+00
  1.33999991E+00
  1.52999997E+00
  6.90000057E-01
  7.20000088E-01
  7.70000100E-01
  8.40000093E-01
  9.30000067E-01
  1.04000008E+00
  1.17000008E+00
  1.32000017E+00
  1.49000001E+00
  1.68000007E+00
  8.59999955E-01
  8.89999986E-01
  9.39999938E-01
  1.00999999E+00
  1.09999990E+00
  1.21000004E+00
  1.33999991E+00
  1.49000001E+00
  1.65999985E+00
  1.84999990E+00
  1.04999995E+00
  1.07999992E+00
  1.13000000E+00
  1.19999993E+00
  1.28999996E+00
  1.39999998E+00
  1.52999997E+00
  1.68000007E+00
  1.84999990E+00
  2.03999996E+00
  1.09999999E-01
  1.40000001E-01
  1.89999998E-01
  2.60000020E-01
  3.49999994E-01
  4.60000008E-01
  5.89999974E-01
  7.40000069E-01
  9.09999967E-01
  1.10000002E+00
  1.40000015E-01
  1.70000017E-01
  2.20000014E-01
  2.90000021E-01
  3.79999995E-01
  4.90000010E-01
  6.20000005E-01
  7.70000041E-01
  9.39999938E-01
  1.13000000E+00
  1.90000013E-01
  2.20000014E-01
  2.70000011E-01
  3.40000033E-01
  4.30000007E-01
  5.40000021E-01
  6.69999957E-01
  8.20000052E-01
  9.89999950E-01
  1.18000007E+00
  2.59999990E-01
  2.89999992E-01
  3.40000004E-01
  4.10000026E-01
  5.00000000E-01
  6.10000014E-01
  7.40000010E-01
  8.90000045E-01
  1.05999994E+00
  1.25000000E+00
  3.49999994E-01
  3.79999995E-01
  4.30000007E-01
  5.00000000E-01
  5.90000033E-01
  7.00000048E-01
  8.29999983E-01
  9.80000019E-01
  1.14999998E+00
  1.34000003E+00
  4.60000008E-01
  4.90000010E-01
  5.40000021E-01
  6.10000014E-01
  7.00000048E-01
  8.10000062E-01
  9.39999998E-01
  1.09000003E+00
  1.25999999E+00
  1.45000005E+00
  5.89999974E-01
  6.20000005E-01
  6.69999957E-01
  7.40000010E-01
  8.29999983E-01
  9.39999998E-01
  1.06999993E+00
  1.22000003E+00
  1.38999987E+00
  1.57999992E+00
  7.40000010E-01
  7.70000041E-01
  8.20000052E-01
  8.90000045E-01
  9.80000019E-01
  1.09000003E+00
  1.22000003E+00
  1.37000012E+00
  1.53999996E+00
  1.73000002E+00
  9.09999967E-01
  9.39999998E-01
  9.90000010E-01
  1.05999994E+00
  1.14999998E+00
  1.25999999E+00
  1.38999999E+00
  1.53999996E+00
  1.70999992E+00
  1.89999998E+00
  1.10000002E+00
  1.13000000E+00
  1.18000007E+00
  1.25000000E+00
  1.34000003E+00
  1.45000005E+00
  1.58000004E+00
  1.73000002E+00
  1.89999998E+00
  2.09000015E+00
  1.80000022E-01
  2.10000023E-01
  2.60000020E-01
  3.30000043E-01
  4.20000017E-01
  5.30000031E-01
  6.59999967E-01
  8.10000062E-01
  9.79999959E-01
  1.17000008E+00
  2.10000023E-01
  2.40000024E-01
  2.90000021E-01
  3.60000014E-01
  4.50000018E-01
  5.60000062E-01
  6.89999998E-01
  8.40000033E-01
  1.00999999E+00
  1.20000005E+00
  2.59999990E-01
  2.89999992E-01
  3.40000004E-01
  4.10000026E-01
  5.00000000E-01
  6.10000014E-01
  7.40000010E-01
  8.90000045E-01
  1.05999994E+00
  1.25000000E+00
  3.30000013E-01
  3.60000014E-01
  4.10000026E-01
  4.80000019E-01
  5.70000052E-01
  6.80000067E-01
  8.10000002E-01
  9.60000038E-01
  1.13000000E+00
  1.32000005E+00
  4.20000017E-01
  4.50000018E-01
  5.00000000E-01
  5.70000052E-01
  6.60000026E-01
  7.70000041E-01
  8.99999976E-01
  1.05000007E+00
  1.22000003E+00
  1.41000009E+00
  5.30000031E-01
  5.60000062E-01
  6.10000014E-01
  6.80000067E-01
  7.70000041E-01
  8.80000055E-01
  1.00999999E+00
  1.16000009E+00
  1.32999992E+00
  1.51999998E+00
  6.59999967E-01
  6.89999998E-01
  7.40000010E-01
  8.10000002E-01
  8.99999976E-01
  1.00999999E+00
  1.13999999E+00
  1.28999996E+00
  1.45999992E+00
  1.64999998E+00
  8.10000062E-01
  8.40000093E-01
  8.90000105E-01
  9.60000098E-01
  1.05000007E+00
  1.16000009E+00
  1.29000008E+00
  1.44000006E+00
  1.61000001E+00
  1.80000007E+00
  9.79999959E-01
  1.00999999E+00
  1.05999994E+00
  1.13000000E+00
  1.22000003E+00
  1.32999992E+00
  1.45999992E+00
  1.61000001E+00
  1.77999997E+00
  1.97000003E+00
  1.16999996E+00
  1.19999993E+00
  1.25000000E+00
  1.31999993E+00
  1.40999997E+00
  1.51999998E+00
  1.64999998E+00
  1.79999995E+00
  1.96999991E+00
  2.15999985E+00
  2.69999981E-01
  2.99999982E-01
  3.49999994E-01
  4.20000017E-01
  5.09999990E-01
  6.20000005E-01
  7.50000000E-01
  9.00000036E-01
  1.06999993E+00
  1.25999999E+00
  2.99999982E-01
  3.29999983E-01
  3.79999995E-01
  4.49999988E-01
  5.39999962E-01
  6.49999976E-01
  7.79999971E-01
  9.30000067E-01
  1.09999990E+00
  1.28999996E+00
  3.49999994E-01
  3.79999995E-01
  4.30000007E-01
  5.00000000E-01
  5.90000033E-01
  7.00000048E-01
  8.29999983E-01
  9.80000019E-01
  1.14999998E+00
  1.34000003E+00
  4.20000017E-01
  4.50000018E-01
  5.00000000E-01
  5.70000052E-01
  6.60000026E-01
  7.70000041E-01
  8.99999976E-01
  1.05000007E+00
  1.22000003E+00
  1.41000009E+00
  5.09999990E-01
  5.40000021E-01
  5.90000033E-01
  6.60000026E-01
  7.50000000E-01
  8.60000014E-01
  9.90000010E-01
  1.14000010E+00
  1.30999994E+00
  1.50000000E+00
  6.20000005E-01
  6.50000036E-01
  7.00000048E-01
  7.70000041E-01
  8.60000014E-01
  9.70000029E-01
  1.10000002E+00
  1.25000000E+00
  1.41999996E+00
  1.61000001E+00
  7.50000000E-01
  7.80000031E-01
  8.30000043E-01
  9.00000036E-01
  9.90000010E-01
  1.10000002E+00
  1.23000002E+00
  1.38000011E+00
  1.54999995E+00
  1.74000001E+00
  9.00000036E-01
  9.30000067E-01
  9.80000019E-01
  1.05000007E+00
  1.14000010E+00
  1.25000000E+00
  1.38000000E+00
  1.53000009E+00
  1.70000005E+00
  1.89000010E+00
  1.06999993E+00
  1.09999990E+00
  1.14999998E+00
  1.21999991E+00
  1.30999994E+00
  1.41999996E+00
  1.54999995E+00
  1.70000005E+00
  1.86999989E+00
  2.05999994E+00
  1.25999999E+00
  1.28999996E+00
  1.34000003E+00
  1.40999997E+00
  1.50000000E+00
  1.61000001E+00
  1.74000001E+00
  1.89000010E+00
  2.05999994E+00
  2.25000000E+00
  3.79999995E-01
  4.09999996E-01
  4.60000008E-01
  5.30000031E-01
  6.20000005E-01
  7.30000019E-01
  8.60000014E-01
  1.00999999E+00
  1.17999995E+00
  1.37000000E+00
  4.09999996E-01
  4.39999998E-01
  4.90000010E-01
  5.60000002E-01
  6.49999976E-01
  7.59999990E-01
  8.89999986E-01
  1.04000008E+00
  1.20999992E+00
  1.39999998E+00
  4.60000008E-01
  4.90000010E-01
  5.40000021E-01
  6.10000014E-01
  7.00000048E-01
  8.10000062E-01
  9.39999998E-01
  1.09000003E+00
  1.25999999E+00
  1.45000005E+00
  5.30000031E-01
  5.60000062E-01
  6.10000014E-01
  6.80000067E-01
  7.70000041E-01
  8.80000055E-01
  1.00999999E+00
  1.16000009E+00
  1.32999992E+00
  1.51999998E+00
  6.20000005E-01
  6.50000036E-01
  7.00000048E-01
  7.70000041E-01
  8.60000014E-01
  9.70000029E-01
  1.10000002E+00
  1.25000000E+00
  1.41999996E+00
  1.61000001E+00
  7.30000019E-01
  7.60000050E-01
  8.10000062E-01
  8.80000055E-01
  9.70000029E-01
  1.08000004E+00
  1.21000004E+00
  1.36000013E+00
  1.52999997E+00
  1.72000003E+00
  8.60000014E-01
  8.90000045E-01
  9.40000057E-01
  1.00999999E+00
  1.10000002E+00
  1.21000004E+00
  1.34000003E+00
  1.49000001E+00
  1.65999997E+00
  1.85000002E+00
  1.00999999E+00
  1.03999996E+00
  1.09000003E+00
  1.15999997E+00
  1.25000000E+00
  1.36000001E+00
  1.49000001E+00
  1.64000010E+00
  1.80999994E+00
  2.00000000E+00
  1.17999995E+00
  1.20999992E+00
  1.25999999E+00
  1.32999992E+00
  1.41999996E+00
  1.52999997E+00
  1.65999997E+00
  1.80999994E+00
  1.97999990E+00
  2.17000008E+00
  1.37000000E+00
  1.39999998E+00
  1.45000005E+00
  1.51999998E+00
  1.61000001E+00
  1.72000003E+00
  1.85000002E+00
  2.00000000E+00
  2.17000008E+00
  2.36000013E+00
  5.09999990E-01
  5.39999962E-01
  5.89999974E-01
  6.59999967E-01
  7.50000000E-01
  8.60000014E-01
  9.89999950E-01
  1.13999999E+00
  1.30999994E+00
  1.50000000E+00
  5.39999962E-01
  5.69999993E-01
  6.20000005E-01
  6.89999998E-01
  7.79999971E-01
  8.89999986E-01
  1.01999998E+00
  1.17000008E+00
  1.33999991E+00
  1.52999997E+00
  5.89999974E-01
  6.20000005E-01
  6.69999957E-01
  7.40000010E-01
  8.29999983E-01
  9.39999998E-01
  1.06999993E+00
  1.22000003E+00
  1.38999987E+00
  1.57999992E+00
  6.59999967E-01
  6.89999998E-01
  7.40000010E-01
  8.10000002E-01
  8.99999976E-01
  1.00999999E+00
  1.13999999E+00
  1.28999996E+00
  1.45999992E+00
  1.64999998E+00
  7.50000000E-01
  7.80000031E-01
  8.30000043E-01
  9.00000036E-01
  9.90000010E-01
  1.10000002E+00
  1.23000002E+00
  1.38000011E+00
  1.54999995E+00
  1.74000001E+00
  8.60000014E-01
  8.90000045E-01
  9.40000057E-01
  1.00999999E+00
  1.10000002E+00
  1.21000004E+00
  1.34000003E+00
  1.49000001E+00
  1.65999997E+00
  1.85000002E+00
  9.89999950E-01
  1.01999998E+00
  1.06999993E+00
  1.13999999E+00
  1.23000002E+00
  1.33999991E+00
  1.46999991E+00
  1.62000000E+00
  1.78999996E+00
  1.98000002E+00
  1.13999999E+00
  1.16999996E+00
  1.22000003E+00
  1.28999996E+00
  1.38000000E+00
  1.49000001E+00
  1.62000000E+00
  1.76999998E+00
  1.93999994E+00
  2.13000011E+00
  1.30999994E+00
  1.33999991E+00
  1.38999999E+00
  1.45999992E+00
  1.54999995E+00
  1.65999997E+00
  1.78999996E+00
  1.94000006E+00
  2.10999990E+00
  2.29999995E+00
  1.50000000E+00
  1.52999997E+00
  1.58000004E+00
  1.64999998E+00
  1.74000001E+00
  1.85000002E+00
  1.98000002E+00
  2.13000011E+00
  2.29999995E+00
  2.49000001E+00
  6.60000026E-01
  6.90000057E-01
  7.40000010E-01
  8.10000062E-01
  9.00000036E-01
  1.00999999E+00
  1.13999999E+00
  1.29000008E+00
  1.46000004E+00
  1.65000010E+00
  6.90000057E-01
  7.20000088E-01
  7.70000100E-01
  8.40000093E-01
  9.30000067E-01
  1.04000008E+00
  1.17000008E+00
  1.32000017E+00
  1.49000001E+00
  1.68000007E+00
  7.40000010E-01
  7.70000041E-01
  8.20000052E-01
  8.90000045E-01
  9.80000019E-01
  1.09000003E+00
  1.22000003E+00
  1.37000012E+00
  1.53999996E+00
  1.73000002E+00
  8.10000062E-01
  8.40000093E-01
  8.90000105E-01
  9.60000098E-01
  1.05000007E+00
  1.16000009E+00
  1.29000008E+00
  1.44000006E+00
  1.61000001E+00
  1.80000007E+00
  9.00000036E-01
  9.30000067E-01
  9.80000019E-01
  1.05000007E+00
  1.14000010E+00
  1.25000000E+00
  1.38000000E+00
  1.53000009E+00
  1.70000005E+00
  1.89000010E+00
  1.00999999E+00
  1.03999996E+00
  1.09000003E+00
  1.15999997E+00
  1.25000000E+00
  1.36000001E+00
  1.49000001E+00
  1.64000010E+00
  1.80999994E+00
  2.00000000E+00
  1.13999999E+00
  1.16999996E+00
  1.22000003E+00
  1.28999996E+00
  1.38000000E+00
  1.49000001E+00
  1.62000000E+00
  1.76999998E+00
  1.93999994E+00
  2.13000011E+00
  1.29000008E+00
  1.32000005E+00
  1.37000012E+00
  1.44000006E+00
  1.53000009E+00
  1.64000010E+00
  1.77000010E+00
  1.92000008E+00
  2.09000015E+00
  2.28000021E+00
  1.46000004E+00
  1.49000001E+00
  1.54000008E+00
  1.61000001E+00
  1.70000005E+00
  1.81000006E+00
  1.94000006E+00
  2.09000015E+00
  2.25999999E+00
  2.45000005E+00
  1.65000010E+00
  1.68000007E+00
  1.73000014E+00
  1.80000007E+00
  1.89000010E+00
  2.00000000E+00
  2.13000011E+00
  2.28000021E+00
  2.45000005E+00
  2.64000010E+00
  8.29999924E-01
  8.59999955E-01
  9.09999967E-01
  9.79999959E-01
  1.06999993E+00
  1.17999995E+00
  1.30999994E+00
  1.46000004E+00
  1.62999988E+00
  1.81999993E+00
  8.59999955E-01
  8.89999986E-01
  9.39999938E-01
  1.00999999E+00
  1.09999990E+00
  1.21000004E+00
  1.33999991E+00
  1.49000001E+00
  1.65999985E+00
  1.84999990E+00
  9.09999967E-01
  9.39999998E-01
  9.90000010E-01
  1.05999994E+00
  1.14999998E+00
  1.25999999E+00
  1.38999999E+00
  1.53999996E+00
  1.70999992E+00
  1.89999998E+00
  9.79999959E-01
  1.00999999E+00
  1.05999994E+00
  1.13000000E+00
  1.22000003E+00
  1.32999992E+00
  1.45999992E+00
  1.61000001E+00
  1.77999997E+00
  1.97000003E+00
  1.06999993E+00
  1.09999990E+00
  1.14999998E+00
  1.21999991E+00
  1.30999994E+00
  1.41999996E+00
  1.54999995E+00
  1.70000005E+00
  1.86999989E+00
  2.05999994E+00
  1.17999995E+00
  1.20999992E+00
  1.25999999E+00
  1.32999992E+00
  1.41999996E+00
  1.52999997E+00
  1.65999997E+00
  1.80999994E+00
  1.97999990E+00
  2.17000008E+00
  1.30999994E+00
  1.33999991E+00
  1.38999999E+00
  1.45999992E+00
  1.54999995E+00
  1.65999997E+00
  1.78999996E+00
  1.94000006E+00
  2.10999990E+00
  2.29999995E+00
  1.46000004E+00
  1.49000001E+00
  1.54000008E+00
  1.61000001E+00
  1.70000005E+00
  1.81000006E+00
  1.94000006E+00
  2.09000015E+00
  2.25999999E+00
  2.45000005E+00
  1.62999988E+00
  1.65999985E+00
  1.70999992E+00
  1.77999985E+00
  1.86999989E+00
  1.97999990E+00
  2.10999990E+00
  2.25999999E+00
  2.42999983E+00
  2.61999989E+00
  1.81999993E+00
  1.84999990E+00
  1.89999998E+00
  1.96999991E+00
  2.05999994E+00
  2.17000008E+00
  2.29999995E+00
  2.45000005E+00
  2.61999989E+00
  2.80999994E+00
  1.01999998E+00
  1.04999995E+00
  1.10000002E+00
  1.16999996E+00
  1.25999999E+00
  1.37000000E+00
  1.50000000E+00
  1.65000010E+00
  1.81999993E+00
  2.00999999E+00
  1.04999995E+00
  1.07999992E+00
  1.13000000E+00
  1.19999993E+00
  1.28999996E+00
  1.39999998E+00
  1.52999997E+00
  1.68000007E+00
  1.84999990E+00
  2.03999996E+00
  1.10000002E+00
  1.13000000E+00
  1.18000007E+00
  1.25000000E+00
  1.34000003E+00
  1.45000005E+00
  1.58000004E+00
  1.73000002E+00
  1.89999998E+00
  2.09000015E+00
  1.16999996E+00
  1.19999993E+00
  1.25000000E+00
  1.31999993E+00
  1.40999997E+00
  1.51999998E+00
  1.64999998E+00
  1.79999995E+00
  1.96999991E+00
  2.15999985E+00
  1.25999999E+00
  1.28999996E+00
  1.34000003E+00
  1.40999997E+00
  1.50000000E+00
  1.61000001E+00
  1.74000001E+00
  1.89000010E+00
  2.05999994E+00
  2.25000000E+00
  1.37000000E+00
  1.39999998E+00
  1.45000005E+00
  1.51999998E+00
  1.61000001E+00
  1.72000003E+00
  1.85000002E+00
  2.00000000E+00
  2.17000008E+00
  2.36000013E+00
  1.50000000E+00
  1.52999997E+00
  1.58000004E+00
  1.64999998E+00
  1.74000001E+00
  1.85000002E+00
  1.98000002E+00
  2.13000011E+00
  2.29999995E+00
  2.49000001E+00
  1.65000010E+00
  1.68000007E+00
  1.73000014E+00
  1.80000007E+00
  1.89000010E+00
  2.00000000E+00
  2.13000011E+00
  2.28000021E+00
  2.45000005E+00
  2.64000010E+00
  1.81999993E+00
  1.84999990E+00
  1.89999998E+00
  1.96999991E+00
  2.05999994E+00
  2.17000008E+00
  2.29999995E+00
  2.45000005E+00
  2.61999989E+00
  2.80999994E+00
  2.00999999E+00
  2.03999996E+00
  2.08999991E+00
  2.16000009E+00
  2.25000000E+00
  2.36000013E+00
  2.49000001E+00
  2.64000010E+00
  2.80999994E+00
  3.00000000E+00
