   1   8   1   0  0.1990251E+02  0.1000000E-03
  CAR 
 diamond Si                              
   0   0   0
   1   1
 256 256 256
 256
  0.1000000E-09
  0.6250000E-11
   0
  0.5000000E-15  0.5420000E-09  0.5420000E-09  0.5420000E-09
  0.0000000E+00  0.0000000E+00
  0.000
  0.000
  0.000
  0.000
  0.000
  0.000
  0.000
  0.000
  0.000
  0.000
  0.000
  0.000
  0.000
  0.000
  0.000
  0.000
  0.000
  0.000
  0.000
  0.000
  0.000
  0.000
  0.000
  0.000
  0.000
  0.000
  0.000
  0.000
  0.000
  0.000
  0.000
  0.000
  0.000
  0.000
  0.000
  0.000
  0.000
 18.451
  0.000
  0.000
  0.000
  0.000
  0.000
  0.000
  0.000
  0.000
  0.000
  0.000
  0.000
  0.000
  0.000
  0.000
  0.000
  0.000
  0.000
  0.000
  0.000
  0.000
  0.000
  0.000
  0.000
 20.582
  0.000
  0.000
  0.000
  0.000
  0.000
  0.000
  0.000
  0.000
  0.000
 15.227
  0.000
  0.000
  0.000
  0.000
  0.000
  0.000
  0.000
  0.000
  0.000
  0.000
  0.000
  0.000
  0.000
  0.000
  0.000
  0.000
  0.000
  0.000
  0.000
  0.000
  0.000
  0.000
  8.717
  0.000
  0.000
  0.000
  0.000
  0.000
  0.000
  0.000
  0.000
  0.000
  0.000
  0.000
 13.727
  0.000
  0.000
  0.000
  0.000
  0.000
  8.201
  0.000
  0.000
  0.000
  0.000
  0.000
  0.000
  0.000
  0.000
  0.000
  0.000
  0.000
  0.000
  0.000
  0.000
  0.000
  9.429
  0.000
  0.000
  0.000
  0.000
  0.000
  0.000
  0.000
  0.000
  8.235
  0.000
  0.000
  0.000
  0.000
  3.834
  0.000
  0.000
  0.000
  0.000
  0.000
  0.000
  0.000
  0.000
  0.000
  0.000
  0.000
  6.522
  0.000
  0.000
  0.000
  0.000
  0.000
  0.000
  0.000
 11.792
  0.000
  0.000
  0.000
  8.424
  0.000
  0.000
  0.000
  0.000
  0.000
  0.000
  0.000
  0.000
  0.000
  0.000
  2.471
  0.000
  0.000
  0.000
  0.000
  0.000
  6.936
  0.000
  0.000
  0.000
  5.167
  0.000
  0.000
  0.000
  0.000
  0.000
  0.000
  0.000
  0.000
  0.000
  5.987
  0.000
  0.000
  0.000
  0.000
  0.000
  3.760
  0.000
  0.000
  3.651
  0.000
  0.000
  0.000
  0.000
  0.000
  0.000
  0.000
  0.000
  5.029
  0.000
  0.000
  0.000
  0.000
  0.000
  9.520
  0.000
  0.000
  4.634
  0.000
  0.000
  0.000
  0.000
  0.000
  0.000
  0.000
  2.880
  0.000
  0.000
  0.000
  0.000
  5.520
  0.000
  0.000
  2.692
  0.000
  0.000
  0.000
  0.000
  0.000
  0.000
  0.000
  6.303
  0.000
  0.000
  0.000
  4.884
  0.000
  0.000
  3.577
